-180 -0.0228886
-179.9 -0.0264559
-179.8 -0.0264559
-179.7 -0.0299275
-179.6 -0.0299275
-179.5 -0.0333369
-179.4 -0.0333369
-179.3 -0.0366659
-179.2 -0.0398853
-179.1 -0.0398853
-179 -0.0429584
-178.9 -0.0429584
-178.8 -0.0458095
-178.7 -0.0458095
-178.6 -0.0483437
-178.5 -0.0504631
-178.4 -0.0504631
-178.3 -0.0520455
-178.2 -0.0520455
-178.1 -0.0530108
-178 -0.0530108
-177.9 -0.0532856
-177.8 -0.0528724
-177.7 -0.0528724
-177.6 -0.0518231
-177.5 -0.0518231
-177.4 -0.050276
-177.3 -0.050276
-177.2 -0.0484043
-177.1 -0.0484043
-177 -0.0463833
-176.9 -0.0443639
-176.8 -0.0443639
-176.7 -0.0424699
-176.6 -0.0424699
-176.5 -0.040733
-176.4 -0.040733
-176.3 -0.039219
-176.2 -0.0378842
-176.1 -0.0378842
-176 -0.0366297
-175.9 -0.0366297
-175.8 -0.0353566
-175.7 -0.0353566
-175.6 -0.0339541
-175.5 -0.0323263
-175.4 -0.0323263
-175.3 -0.0304044
-175.2 -0.0304044
-175.1 -0.0281546
-175 -0.0281546
-174.9 -0.0255892
-174.8 -0.0227714
-174.7 -0.0227714
-174.6 -0.0197745
-174.5 -0.0197745
-174.4 -0.0166974
-174.3 -0.0166974
-174.2 -0.0136946
-174.1 -0.0109429
-174 -0.0109429
-173.9 -0.00861476
-173.8 -0.00861476
-173.7 -0.00688145
-173.6 -0.00688145
-173.5 -0.0058915
-173.4 -0.00576571
-173.3 -0.00576571
-173.2 -0.00658786
-173.1 -0.00658786
-173 -0.00839879
-172.9 -0.00839879
-172.8 -0.011193
-172.7 -0.0149194
-172.6 -0.0149194
-172.5 -0.0194868
-172.4 -0.0194868
-172.3 -0.0247942
-172.2 -0.0247942
-172.1 -0.0307097
-172 -0.0370661
-171.9 -0.0370661
-171.8 -0.0437078
-171.7 -0.0437078
-171.6 -0.0505277
-171.5 -0.0505277
-171.4 -0.0574078
-171.3 -0.0574078
-171.2 -0.0642912
-171.1 -0.0711068
-171 -0.0711068
-170.9 -0.0777699
-170.8 -0.0777699
-170.7 -0.0841781
-170.6 -0.0841781
-170.5 -0.0901904
-170.4 -0.0956611
-170.3 -0.0956611
-170.2 -0.100463
-170.1 -0.100463
-170 -0.104497
-169.9 -0.104497
-169.8 -0.107707
-169.7 -0.110089
-169.6 -0.110089
-169.5 -0.11167
-169.4 -0.11167
-169.3 -0.112543
-169.2 -0.112543
-169.1 -0.112826
-169 -0.112635
-168.9 -0.112635
-168.8 -0.112071
-168.7 -0.112071
-168.6 -0.111206
-168.5 -0.111206
-168.4 -0.110092
-168.3 -0.108768
-168.2 -0.108768
-168.1 -0.107267
-168 -0.107267
-167.9 -0.105617
-167.8 -0.105617
-167.7 -0.103839
-167.6 -0.101954
-167.5 -0.101954
-167.4 -0.0999239
-167.3 -0.0999239
-167.2 -0.0977478
-167.1 -0.0977478
-167 -0.0954539
-166.9 -0.0929488
-166.8 -0.0929488
-166.7 -0.0901105
-166.6 -0.0901105
-166.5 -0.0869075
-166.4 -0.0869075
-166.3 -0.0832798
-166.2 -0.0792605
-166.1 -0.0792605
-166 -0.0748448
-165.9 -0.0748448
-165.8 -0.0699901
-165.7 -0.0699901
-165.6 -0.0647865
-165.5 -0.0647865
-165.4 -0.0593796
-165.3 -0.053796
-165.2 -0.053796
-165.1 -0.0481747
-165 -0.0481747
-164.9 -0.0426614
-164.8 -0.0426614
-164.7 -0.0374978
-164.6 -0.032816
-164.5 -0.032816
-164.4 -0.0287149
-164.3 -0.0287149
-164.2 -0.0252518
-164.1 -0.0252518
-164 -0.0224404
-163.9 -0.0202535
-163.8 -0.0202535
-163.7 -0.018631
-163.6 -0.018631
-163.5 -0.0174847
-163.4 -0.0174847
-163.3 -0.0167021
-163.2 -0.0161485
-163.1 -0.0161485
-163 -0.015668
-162.9 -0.015668
-162.8 -0.0150892
-162.7 -0.0150892
-162.6 -0.0142336
-162.5 -0.0129298
-162.4 -0.0129298
-162.3 -0.0110352
-162.2 -0.0110352
-162.1 -0.00845903
-162 -0.00845903
-161.9 -0.00518123
-161.8 -0.00126515
-161.7 -0.00126515
-161.6 0.00313883
-161.5 0.00313883
-161.4 0.00780086
-161.3 0.00780086
-161.2 0.0124296
-161.1 0.0167049
-161 0.0167049
-160.9 0.0203161
-160.8 0.0203161
-160.7 0.0229717
-160.6 0.0229717
-160.5 0.0244514
-160.4 0.0246356
-160.3 0.0246356
-160.2 0.0235363
-160.1 0.0235363
-160 0.0212788
-159.9 0.0212788
-159.8 0.0180776
-159.7 0.0180776
-159.6 0.0142903
-159.5 0.0103022
-159.4 0.0103022
-159.3 0.00650495
-159.2 0.00650495
-159.1 0.00325686
-159 0.00325686
-158.9 0.000819344
-158.8 -0.000630677
-158.7 -0.000630677
-158.6 -0.00102517
-158.5 -0.00102517
-158.4 -0.000407557
-158.3 -0.000407557
-158.2 0.00108117
-158.1 0.00322893
-158 0.00322893
-157.9 0.00578696
-157.8 0.00578696
-157.7 0.00850529
-157.6 0.00850529
-157.5 0.0111623
-157.4 0.013585
-157.3 0.013585
-157.2 0.0156574
-157.1 0.0156574
-157 0.0173194
-156.9 0.0173194
-156.8 0.0185592
-156.7 0.0193998
-156.6 0.0193998
-156.5 0.0198848
-156.4 0.0198848
-156.3 0.0200656
-156.2 0.0200656
-156.1 0.0199911
-156 0.0197033
-155.9 0.0197033
-155.8 0.0192381
-155.7 0.0192381
-155.6 0.0186304
-155.5 0.0186304
-155.4 0.0179168
-155.3 0.0171342
-155.2 0.0171342
-155.1 0.016315
-155 0.016315
-154.9 0.0154808
-154.8 0.0154808
-154.7 0.0146391
-154.6 0.0146391
-154.5 0.0137819
-154.4 0.0128881
-154.3 0.0128881
-154.2 0.0119304
-154.1 0.0119304
-154 0.0108853
-153.9 0.0108853
-153.8 0.0097445
-153.7 0.00852565
-153.6 0.00852565
-153.5 0.00727899
-153.4 0.00727899
-153.3 0.00608473
-153.2 0.00608473
-153.1 0.00503872
-153 0.00423038
-152.9 0.00423038
-152.8 0.0037198
-152.7 0.0037198
-152.6 0.0035215
-152.5 0.0035215
-152.4 0.00360168
-152.3 0.00388997
-152.2 0.00388997
-152.1 0.00430095
-152 0.00430095
-151.9 0.00475889
-151.8 0.00475889
-151.7 0.00521782
-151.6 0.00567007
-151.5 0.00567007
-151.4 0.00614354
-151.3 0.00614354
-151.2 0.00669047
-151.1 0.00669047
-151 0.00737133
-150.9 0.008238
-150.8 0.008238
-150.7 0.00932059
-150.6 0.00932059
-150.5 0.0106192
-150.4 0.0106192
-150.3 0.0121012
-150.2 0.0137031
-150.1 0.0137031
-150 0.0153372
-149.9 0.0153372
-149.8 0.016901
-149.7 0.016901
-149.6 0.0182905
-149.5 0.0194126
-149.4 0.0194126
-149.3 0.0201973
-149.2 0.0201973
-149.1 0.0206092
-149 0.0206092
-148.9 0.0206557
-148.8 0.0206557
-148.7 0.0203889
-148.6 0.0199008
-148.5 0.0199008
-148.4 0.0193132
-148.3 0.0193132
-148.2 0.0187623
-148.1 0.0187623
-148 0.0183811
-147.9 0.0182814
-147.8 0.0182814
-147.7 0.0185381
-147.6 0.0185381
-147.5 0.0191801
-147.4 0.0191801
-147.3 0.0201879
-147.2 0.0214984
-147.1 0.0214984
-147 0.0230184
-146.9 0.0230184
-146.8 0.0246416
-146.7 0.0246416
-146.6 0.0262668
-146.5 0.0278136
-146.4 0.0278136
-146.3 0.0292295
-146.2 0.0292295
-146.1 0.0304904
-146 0.0304904
-145.9 0.031593
-145.8 0.0325452
-145.7 0.0325452
-145.6 0.0333567
-145.5 0.0333567
-145.4 0.0340343
-145.3 0.0340343
-145.2 0.0345808
-145.1 0.0349986
-145 0.0349986
-144.9 0.0352963
-144.8 0.0352963
-144.7 0.0354927
-144.6 0.0354927
-144.5 0.0356192
-144.4 0.0357184
-144.3 0.0357184
-144.2 0.0358376
-144.1 0.0358376
-144 0.0360203
-143.9 0.0360203
-143.8 0.0362942
-143.7 0.0366617
-143.6 0.0366617
-143.5 0.0370943
-143.4 0.0370943
-143.3 0.0375343
-143.2 0.0375343
-143.1 0.0379016
-143 0.0379016
-142.9 0.0381026
-142.8 0.0380392
-142.7 0.0380392
-142.6 0.0376171
-142.5 0.0376171
-142.4 0.0367536
-142.3 0.0367536
-142.2 0.0353849
-142.1 0.0334741
-142 0.0334741
-141.9 0.0310191
-141.8 0.0310191
-141.7 0.0280587
-141.6 0.0280587
-141.5 0.0246725
-141.4 0.0209753
-141.3 0.0209753
-141.2 0.0171039
-141.1 0.0171039
-141 0.0132031
-140.9 0.0132031
-140.8 0.00941
-140.7 0.00584182
-140.6 0.00584182
-140.5 0.00258385
-140.4 0.00258385
-140.3 -0.000321
-140.2 -0.000321
-140.1 -0.00288086
-140 -0.00515842
-139.9 -0.00515842
-139.8 -0.00726534
-139.7 -0.00726534
-139.6 -0.00934647
-139.5 -0.00934647
-139.4 -0.0115541
-139.3 -0.0140165
-139.2 -0.0140165
-139.1 -0.0168088
-139 -0.0168088
-138.9 -0.0199332
-138.8 -0.0199332
-138.7 -0.0233128
-138.6 -0.0268002
-138.5 -0.0268002
-138.4 -0.0301991
-138.3 -0.0301991
-138.2 -0.0332948
-138.1 -0.0332948
-138 -0.0358872
-137.9 -0.0378214
-137.8 -0.0378214
-137.7 -0.0390092
-137.6 -0.0390092
-137.5 -0.0394389
-137.4 -0.0394389
-137.3 -0.0391719
-137.2 -0.0391719
-137.1 -0.0383287
-137 -0.0370677
-136.9 -0.0370677
-136.8 -0.0355621
-136.7 -0.0355621
-136.6 -0.0339787
-136.5 -0.0339787
-136.4 -0.0324614
-136.3 -0.0311214
-136.2 -0.0311214
-136.1 -0.0300317
-136 -0.0300317
-135.9 -0.0292275
-135.8 -0.0292275
-135.7 -0.0287094
-135.6 -0.0284489
-135.5 -0.0284489
-135.4 -0.0283943
-135.3 -0.0283943
-135.2 -0.0284796
-135.1 -0.0284796
-135 -0.0286321
-134.9 -0.0287811
-134.8 -0.0287811
-134.7 -0.0288659
-134.6 -0.0288659
-134.5 -0.028842
-134.4 -0.028842
-134.3 -0.0286888
-134.2 -0.0284171
-134.1 -0.0284171
-134 -0.0280776
-133.9 -0.0280776
-133.8 -0.0277659
-133.7 -0.0277659
-133.6 -0.027619
-133.5 -0.0277995
-133.4 -0.0277995
-133.3 -0.0284669
-133.2 -0.0284669
-133.1 -0.0297418
-133 -0.0297418
-132.9 -0.0316722
-132.8 -0.0342099
-132.7 -0.0342099
-132.6 -0.0372065
-132.5 -0.0372065
-132.4 -0.0404269
-132.3 -0.0404269
-132.2 -0.0435783
-132.1 -0.0435783
-132 -0.0463471
-131.9 -0.0484358
-131.8 -0.0484358
-131.7 -0.0495984
-131.6 -0.0495984
-131.5 -0.0496679
-131.4 -0.0496679
-131.3 -0.0485782
-131.2 -0.0463758
-131.1 -0.0463758
-131 -0.0432215
-130.9 -0.0432215
-130.8 -0.0393766
-130.7 -0.0393766
-130.6 -0.0351762
-130.5 -0.0309901
-130.4 -0.0309901
-130.3 -0.0271822
-130.2 -0.0271822
-130.1 -0.0240728
-130 -0.0240728
-129.9 -0.021913
-129.8 -0.0208695
-129.7 -0.0208695
-129.6 -0.0210194
-129.5 -0.0210194
-129.4 -0.0223532
-129.3 -0.0223532
-129.2 -0.0247832
-129.1 -0.028157
-129 -0.028157
-128.9 -0.0322754
-128.8 -0.0322754
-128.7 -0.0369125
-128.6 -0.0369125
-128.5 -0.0418364
-128.4 -0.046826
-128.3 -0.046826
-128.2 -0.0516836
-128.1 -0.0516836
-128 -0.0562413
-127.9 -0.0562413
-127.8 -0.0603616
-127.7 -0.0639345
-127.6 -0.0639345
-127.5 -0.0668727
-127.4 -0.0668727
-127.3 -0.0691089
-127.2 -0.0691089
-127.1 -0.0705967
-127 -0.0713133
-126.9 -0.0713133
-126.8 -0.0712646
-126.7 -0.0712646
-126.6 -0.0704905
-126.5 -0.0704905
-126.4 -0.0690671
-126.3 -0.0690671
-126.2 -0.0671035
-126.1 -0.064732
-126 -0.064732
-125.9 -0.0620941
-125.8 -0.0620941
-125.7 -0.0593259
-125.6 -0.0593259
-125.5 -0.0565449
-125.4 -0.0538422
-125.3 -0.0538422
-125.2 -0.0512818
-125.1 -0.0512818
-125 -0.0489053
-124.9 -0.0489053
-124.8 -0.0467407
-124.7 -0.0448086
-124.6 -0.0448086
-124.5 -0.043125
-124.4 -0.043125
-124.3 -0.0416972
-124.2 -0.0416972
-124.1 -0.0405155
-124 -0.0395449
-123.9 -0.0395449
-123.8 -0.0387212
-123.7 -0.0387212
-123.6 -0.0379538
-123.5 -0.0379538
-123.4 -0.0371327
-123.3 -0.0361383
-123.2 -0.0361383
-123.1 -0.0348513
-123 -0.0348513
-122.9 -0.033164
-122.8 -0.033164
-122.7 -0.0309907
-122.6 -0.0282788
-122.5 -0.0282788
-122.4 -0.0250191
-122.3 -0.0250191
-122.2 -0.0212523
-122.1 -0.0212523
-122 -0.0170698
-121.9 -0.0126065
-121.8 -0.0126065
-121.7 -0.00802548
-121.6 -0.00802548
-121.5 -0.00349737
-121.4 -0.00349737
-121.3 0.000823343
-121.2 0.00481895
-121.1 0.00481895
-121 0.00842195
-120.9 0.00842195
-120.8 0.0116193
-120.7 0.0116193
-120.6 0.0144474
-120.5 0.0144474
-120.4 0.01698
-120.3 0.0193106
-120.2 0.0193106
-120.1 0.0215342
-120 0.0215342
-119.9 0.0237325
-119.8 0.0237325
-119.7 0.0259634
-119.6 0.0282576
-119.5 0.0282576
-119.4 0.030618
-119.3 0.030618
-119.2 0.0330218
-119.1 0.0330218
-119 0.0354221
-118.9 0.0377455
-118.8 0.0377455
-118.7 0.039891
-118.6 0.039891
-118.5 0.0417332
-118.4 0.0417332
-118.3 0.0431349
-118.2 0.0439686
-118.1 0.0439686
-118 0.0441391
-117.9 0.0441391
-117.8 0.0436035
-117.7 0.0436035
-117.6 0.0423821
-117.5 0.040559
-117.4 0.040559
-117.3 0.0382732
-117.2 0.0382732
-117.1 0.0356997
-117 0.0356997
-116.9 0.0330232
-116.8 0.030406
-116.7 0.030406
-116.6 0.0279563
-116.5 0.0279563
-116.4 0.0257042
-116.3 0.0257042
-116.2 0.0235931
-116.1 0.0214913
-116 0.0214913
-115.9 0.0192212
-115.8 0.0192212
-115.7 0.016597
-115.6 0.016597
-115.5 0.0134644
-115.4 0.00973212
-115.3 0.00973212
-115.2 0.00539189
-115.1 0.00539189
-115 0.000523714
-114.9 0.000523714
-114.8 -0.00471371
-114.7 -0.00471371
-114.6 -0.0101041
-114.5 -0.0154029
-114.4 -0.0154029
-114.3 -0.0203705
-114.2 -0.0203705
-114.1 -0.0248022
-114 -0.0248022
-113.9 -0.0285489
-113.8 -0.0315262
-113.7 -0.0315262
-113.6 -0.0337113
-113.5 -0.0337113
-113.4 -0.0351309
-113.3 -0.0351309
-113.2 -0.0358432
-113.1 -0.0359184
-113 -0.0359184
-112.9 -0.035421
-112.8 -0.035421
-112.7 -0.0343995
-112.6 -0.0343995
-112.5 -0.0328812
-112.4 -0.0308762
-112.3 -0.0308762
-112.2 -0.0283843
-112.1 -0.0283843
-112 -0.0254056
-111.9 -0.0254056
-111.8 -0.0219497
-111.7 -0.0180429
-111.6 -0.0180429
-111.5 -0.0137305
-111.4 -0.0137305
-111.3 -0.00907413
-111.2 -0.00907413
-111.1 -0.00414511
-111 0.000982634
-110.9 0.000982634
-110.8 0.00623741
-110.7 0.00623741
-110.6 0.0115495
-110.5 0.0115495
-110.4 0.0168455
-110.3 0.0220383
-110.2 0.0220383
-110.1 0.0270162
-110 0.0270162
-109.9 0.03164
-109.8 0.03164
-109.7 0.0357483
-109.6 0.0357483
-109.5 0.0391749
-109.4 0.041772
-109.3 0.041772
-109.2 0.0434355
-109.1 0.0434355
-109 0.0441225
-108.9 0.0441225
-108.8 0.0438546
-108.7 0.0427075
-108.6 0.0427075
-108.5 0.0408539
-108.4 0.0408539
-108.3 0.0384624
-108.2 0.0384624
-108.1 0.0356972
-108 0.0327122
-107.9 0.0327122
-107.8 0.029648
-107.7 0.029648
-107.6 0.0266216
-107.5 0.0266216
-107.4 0.0237452
-107.3 0.0210662
-107.2 0.0210662
-107.1 0.0186149
-107 0.0186149
-106.9 0.0163819
-106.8 0.0163819
-106.7 0.0143388
-106.6 0.0124062
-106.5 0.0124062
-106.4 0.010488
-106.3 0.010488
-106.2 0.00848933
-106.1 0.00848933
-106 0.00633776
-105.9 0.00400105
-105.8 0.00400105
-105.7 0.00149719
-105.6 0.00149719
-105.5 -0.00110584
-105.4 -0.00110584
-105.3 -0.00369939
-105.2 -0.00614927
-105.1 -0.00614927
-105 -0.00831227
-104.9 -0.00831227
-104.8 -0.0100513
-104.7 -0.0100513
-104.6 -0.0112479
-104.5 -0.0118124
-104.4 -0.0118124
-104.3 -0.0116941
-104.2 -0.0116941
-104.1 -0.0108889
-104 -0.0108889
-103.9 -0.00944433
-103.8 -0.00944433
-103.7 -0.00745874
-103.6 -0.00507382
-103.5 -0.00507382
-103.4 -0.00245958
-103.3 -0.00245958
-103.2 0.00020823
-103.1 0.00020823
-103 0.00277575
-102.9 0.00513929
-102.8 0.00513929
-102.7 0.00726782
-102.6 0.00726782
-102.5 0.00921386
-102.4 0.00921386
-102.3 0.011109
-102.2 0.0131427
-102.1 0.0131427
-102 0.0155269
-101.9 0.0155269
-101.8 0.0184501
-101.7 0.0184501
-101.6 0.0220319
-101.5 0.0262883
-101.4 0.0262883
-101.3 0.0311176
-101.2 0.0311176
-101.1 0.0363109
-101 0.0363109
-100.9 0.0415854
-100.8 0.0466342
-100.7 0.0466342
-100.6 0.0511783
-100.5 0.0511783
-100.4 0.0550118
-100.3 0.0550118
-100.2 0.058029
-100.1 0.0602299
-100 0.0602299
-99.9 0.0617061
-99.8 0.0617061
-99.7 0.0626116
-99.6 0.0626116
-99.5 0.0631237
-99.4 0.0634015
-99.3 0.0634015
-99.2 0.0635486
-99.1 0.0635486
-99 0.0635866
-98.9 0.0635866
-98.8 0.0634443
-98.7 0.0629667
-98.6 0.0629667
-98.5 0.0619436
-98.4 0.0619436
-98.3 0.0601559
-98.2 0.0601559
-98.1 0.0574302
-98 0.0574302
-97.9 0.0536901
-97.8 0.0489921
-97.7 0.0489921
-97.6 0.0435371
-97.5 0.0435371
-97.4 0.0376514
-97.3 0.0376514
-97.2 0.0317423
-97.1 0.0262343
-97 0.0262343
-96.9 0.0215016
-96.8 0.0215016
-96.7 0.0178092
-96.6 0.0178092
-96.5 0.0152785
-96.4 0.0138834
-96.3 0.0138834
-96.2 0.0134772
-96.1 0.0134772
-96 0.0138407
-95.9 0.0138407
-95.8 0.0147372
-95.7 0.0159593
-95.6 0.0159593
-95.5 0.017358
-95.4 0.017358
-95.3 0.0188498
-95.2 0.0188498
-95.1 0.0204051
-95 0.022025
-94.9 0.022025
-94.8 0.023715
-94.7 0.023715
-94.6 0.0254622
-94.5 0.0254622
-94.4 0.0272236
-94.3 0.028926
-94.2 0.028926
-94.1 0.0304786
-94 0.0304786
-93.9 0.03179
-93.8 0.03179
-93.7 0.0327855
-93.6 0.0334181
-93.5 0.0334181
-93.4 0.0336725
-93.3 0.0336725
-93.2 0.0335619
-93.1 0.0335619
-93 0.0331188
-92.9 0.0323844
-92.8 0.0323844
-92.7 0.0313969
-92.6 0.0313969
-92.5 0.030182
-92.4 0.030182
-92.3 0.0287465
-92.2 0.0287465
-92.1 0.0270766
-92 0.0251415
-91.9 0.0251415
-91.8 0.0229015
-91.7 0.0229015
-91.6 0.0203177
-91.5 0.0203177
-91.4 0.0173636
-91.3 0.0140349
-91.2 0.0140349
-91.1 0.0103585
-91 0.0103585
-90.9 0.00639762
-90.8 0.00639762
-90.7 0.00224919
-90.6 -0.00196461
-90.5 -0.00196461
-90.4 -0.00611081
-90.3 -0.00611081
-90.2 -0.0100614
-90.1 -0.0100614
-90 -0.0137073
-89.9 -0.0169696
-89.8 -0.0169696
-89.7 -0.0198078
-89.6 -0.0198078
-89.5 -0.0222258
-89.4 -0.0222258
-89.3 -0.0242761
-89.2 -0.0260586
-89.1 -0.0260586
-89 -0.0277113
-88.9 -0.0277113
-88.8 -0.0293926
-88.7 -0.0293926
-88.6 -0.0312536
-88.5 -0.0334099
-88.4 -0.0334099
-88.3 -0.0359162
-88.2 -0.0359162
-88.1 -0.0387545
-88 -0.0387545
-87.9 -0.0418385
-87.8 -0.0450334
-87.7 -0.0450334
-87.6 -0.0481842
-87.5 -0.0481842
-87.4 -0.0511451
-87.3 -0.0511451
-87.2 -0.0538012
-87.1 -0.0538012
-87 -0.0560809
-86.9 -0.0579576
-86.8 -0.0579576
-86.7 -0.059443
-86.6 -0.059443
-86.5 -0.0605762
-86.4 -0.0605762
-86.3 -0.0614109
-86.2 -0.0620027
-86.1 -0.0620027
-86 -0.0623994
-85.9 -0.0623994
-85.8 -0.0626364
-85.7 -0.0626364
-85.6 -0.0627353
-85.5 -0.0627065
-85.4 -0.0627065
-85.3 -0.0625517
-85.2 -0.0625517
-85.1 -0.0622694
-85 -0.0622694
-84.9 -0.0618596
-84.8 -0.0613296
-84.7 -0.0613296
-84.6 -0.0606979
-84.5 -0.0606979
-84.4 -0.0599945
-84.3 -0.0599945
-84.2 -0.0592569
-84.1 -0.0585222
-84 -0.0585222
-83.9 -0.0578163
-83.8 -0.0578163
-83.7 -0.0571478
-83.6 -0.0571478
-83.5 -0.0565054
-83.4 -0.0558649
-83.3 -0.0558649
-83.2 -0.0552
-83.1 -0.0552
-83 -0.0544959
-82.9 -0.0544959
-82.8 -0.0537581
-82.7 -0.0530151
-82.6 -0.0530151
-82.5 -0.0523145
-82.4 -0.0523145
-82.3 -0.0517114
-82.2 -0.0517114
-82.1 -0.0512542
-82 -0.0509701
-81.9 -0.0509701
-81.8 -0.0508538
-81.7 -0.0508538
-81.6 -0.0508632
-81.5 -0.0508632
-81.4 -0.0509234
-81.3 -0.0509234
-81.2 -0.0509388
-81.1 -0.0508112
-81 -0.0508112
-80.9 -0.0504571
-80.8 -0.0504571
-80.7 -0.0498198
-80.6 -0.0498198
-80.5 -0.0488737
-80.4 -0.0476208
-80.3 -0.0476208
-80.2 -0.0460841
-80.1 -0.0460841
-80 -0.0443033
-79.9 -0.0443033
-79.8 -0.0423347
-79.7 -0.0402544
-79.6 -0.0402544
-79.5 -0.0381604
-79.4 -0.0381604
-79.3 -0.036167
-79.2 -0.036167
-79.1 -0.0343931
-79 -0.0329417
-78.9 -0.0329417
-78.8 -0.0318763
-78.7 -0.0318763
-78.6 -0.0312014
-78.5 -0.0312014
-78.4 -0.0308524
-78.3 -0.0306979
-78.2 -0.0306979
-78.1 -0.0305576
-78 -0.0305576
-77.9 -0.0302291
-77.8 -0.0302291
-77.7 -0.0295253
-77.6 -0.0283068
-77.5 -0.0283068
-77.4 -0.0265082
-77.3 -0.0265082
-77.2 -0.0241537
-77.1 -0.0241537
-77 -0.0213593
-76.9 -0.0183135
-76.8 -0.0183135
-76.7 -0.0152484
-76.6 -0.0152484
-76.5 -0.0124014
-76.4 -0.0124014
-76.3 -0.00997721
-76.2 -0.00811801
-76.1 -0.00811801
-76 -0.00688761
-75.9 -0.00688761
-75.8 -0.00626625
-75.7 -0.00626625
-75.6 -0.00616062
-75.5 -0.00616062
-75.4 -0.00642344
-75.3 -0.00687941
-75.2 -0.00687941
-75.1 -0.00735299
-75 -0.00735299
-74.9 -0.00769392
-74.8 -0.00769392
-74.7 -0.00779697
-74.6 -0.00761315
-74.5 -0.00761315
-74.4 -0.00715193
-74.3 -0.00715193
-74.2 -0.0064754
-74.1 -0.0064754
-74 -0.00568622
-73.9 -0.00490982
-73.8 -0.00490982
-73.7 -0.0042746
-73.6 -0.0042746
-73.5 -0.00389102
-73.4 -0.00389102
-73.3 -0.00383331
-73.2 -0.00412803
-73.1 -0.00412803
-73 -0.00475423
-72.9 -0.00475423
-72.8 -0.00564974
-72.7 -0.00564974
-72.6 -0.00672118
-72.5 -0.00785942
-72.4 -0.00785942
-72.3 -0.00895712
-72.2 -0.00895712
-72.1 -0.00992755
-72 -0.00992755
-71.9 -0.0107227
-71.8 -0.0113471
-71.7 -0.0113471
-71.6 -0.0118621
-71.5 -0.0118621
-71.4 -0.012377
-71.3 -0.012377
-71.2 -0.0130256
-71.1 -0.0139341
-71 -0.0139341
-70.9 -0.0151881
-70.8 -0.0151881
-70.7 -0.0168095
-70.6 -0.0168095
-70.5 -0.0187521
-70.4 -0.0209155
-70.3 -0.0209155
-70.2 -0.0231744
-70.1 -0.0231744
-70 -0.0254114
-69.9 -0.0254114
-69.8 -0.0275436
-69.7 -0.0275436
-69.6 -0.029538
-69.5 -0.0314109
-69.4 -0.0314109
-69.3 -0.0332149
-69.2 -0.0332149
-69.1 -0.0350168
-69 -0.0350168
-68.9 -0.0368739
-68.8 -0.0388164
-68.7 -0.0388164
-68.6 -0.0408386
-68.5 -0.0408386
-68.4 -0.0429004
-68.3 -0.0429004
-68.2 -0.0449386
-68.1 -0.0468823
-68 -0.0468823
-67.9 -0.0486672
-67.8 -0.0486672
-67.7 -0.0502449
-67.6 -0.0502449
-67.5 -0.0515877
-67.4 -0.0526896
-67.3 -0.0526896
-67.2 -0.0535675
-67.1 -0.0535675
-67 -0.0542624
-66.9 -0.0542624
-66.8 -0.0548385
-66.7 -0.0553795
-66.6 -0.0553795
-66.5 -0.0559797
-66.4 -0.0559797
-66.3 -0.0567308
-66.2 -0.0567308
-66.1 -0.0577063
-66 -0.0589487
-65.9 -0.0589487
-65.8 -0.0604632
-65.7 -0.0604632
-65.6 -0.0622173
-65.5 -0.0622173
-65.4 -0.0641457
-65.3 -0.0661585
-65.2 -0.0661585
-65.1 -0.0681524
-65 -0.0681524
-64.9 -0.0700245
-64.8 -0.0700245
-64.7 -0.0716854
-64.6 -0.0716854
-64.5 -0.0730683
-64.4 -0.0741315
-64.3 -0.0741315
-64.2 -0.0748517
-64.1 -0.0748517
-64 -0.0752106
-63.9 -0.0752106
-63.8 -0.0751811
-63.7 -0.074719
-63.6 -0.074719
-63.5 -0.0737642
-63.4 -0.0737642
-63.3 -0.0722497
-63.2 -0.0722497
-63.1 -0.0701156
-63 -0.0673262
-62.9 -0.0673262
-62.8 -0.0638856
-62.7 -0.0638856
-62.6 -0.0598503
-62.5 -0.0598503
-62.4 -0.0553349
-62.3 -0.0505103
-62.2 -0.0505103
-62.1 -0.0455923
-62 -0.0455923
-61.9 -0.04082
-61.8 -0.04082
-61.7 -0.0364251
-61.6 -0.0325994
-61.5 -0.0325994
-61.4 -0.0294674
-61.3 -0.0294674
-61.2 -0.0270703
-61.1 -0.0270703
-61 -0.0253651
-60.9 -0.024237
-60.8 -0.024237
-60.7 -0.0235213
-60.6 -0.0235213
-60.5 -0.0230304
-60.4 -0.0230304
-60.3 -0.0225811
-60.2 -0.022016
-60.1 -0.022016
-60 -0.0212157
-59.9 -0.0212157
-59.8 -0.0201003
-59.7 -0.0201003
-59.6 -0.0186241
-59.5 -0.0167673
-59.4 -0.0167673
-59.3 -0.0145311
-59.2 -0.0145311
-59.1 -0.0119388
-59 -0.0119388
-58.9 -0.00903941
-58.8 -0.00903941
-58.7 -0.00590973
-58.6 -0.00265945
-58.5 -0.00265945
-58.4 0.000583126
-58.3 0.000583126
-58.2 0.00368578
-58.1 0.00368578
-58 0.00653016
-57.9 0.00901283
-57.8 0.00901283
-57.7 0.01106
-57.6 0.01106
-57.5 0.0126225
-57.4 0.0126225
-57.3 0.01367
-57.2 0.0141852
-57.1 0.0141852
-57 0.0141612
-56.9 0.0141612
-56.8 0.0135994
-56.7 0.0135994
-56.6 0.0125089
-56.5 0.0109039
-56.4 0.0109039
-56.3 0.00880236
-56.2 0.00880236
-56.1 0.00622617
-56 0.00622617
-55.9 0.00320676
-55.8 -0.000205281
-55.7 -0.000205281
-55.6 -0.00392942
-55.5 -0.00392942
-55.4 -0.00784758
-55.3 -0.00784758
-55.2 -0.0118031
-55.1 -0.0156078
-55 -0.0156078
-54.9 -0.0190562
-54.8 -0.0190562
-54.7 -0.0219433
-54.6 -0.0219433
-54.5 -0.0240839
-54.4 -0.0253309
-54.3 -0.0253309
-54.2 -0.0255892
-54.1 -0.0255892
-54 -0.0248246
-53.9 -0.0248246
-53.8 -0.0230662
-53.7 -0.0204014
-53.6 -0.0204014
-53.5 -0.0169663
-53.4 -0.0169663
-53.3 -0.0129337
-53.2 -0.0129337
-53.1 -0.00849795
-53 -0.00849795
-52.9 -0.0038613
-52.8 0.000779235
-52.7 0.000779235
-52.6 0.00524308
-52.5 0.00524308
-52.4 0.00937662
-52.3 0.00937662
-52.2 0.0130631
-52.1 0.0162315
-52 0.0162315
-51.9 0.0188618
-51.8 0.0188618
-51.7 0.0209862
-51.6 0.0209862
-51.5 0.0226842
-51.4 0.0240723
-51.3 0.0240723
-51.2 0.0252914
-51.1 0.0252914
-51 0.026492
-50.9 0.026492
-50.8 0.0278181
-50.7 0.0293914
-50.6 0.0293914
-50.5 0.0312955
-50.4 0.0312955
-50.3 0.0335663
-50.2 0.0335663
-50.1 0.0361902
-50 0.0391081
-49.9 0.0391081
-49.8 0.0422229
-49.7 0.0422229
-49.6 0.0454061
-49.5 0.0454061
-49.4 0.0485014
-49.3 0.0513254
-49.2 0.0513254
-49.1 0.0536696
-49 0.0536696
-48.9 0.0553089
-48.8 0.0553089
-48.7 0.0560191
-48.6 0.0556046
-48.5 0.0556046
-48.4 0.0539328
-48.3 0.0539328
-48.2 0.0509662
-48.1 0.0509662
-48 0.0467844
-47.9 0.0415881
-47.8 0.0415881
-47.7 0.03568
-47.6 0.03568
-47.5 0.0294294
-47.4 0.0294294
-47.3 0.0232276
-47.2 0.0232276
-47.1 0.0174472
-47 0.0124083
-46.9 0.0124083
-46.8 0.00835721
-46.7 0.00835721
-46.6 0.00545518
-46.5 0.00545518
-46.4 0.00377683
-46.3 0.00331521
-46.2 0.00331521
-46.1 0.00399164
-46 0.00399164
-45.9 0.00566802
-45.8 0.00566802
-45.7 0.00816005
-45.6 0.0112491
-45.5 0.0112491
-45.4 0.0146923
-45.3 0.0146923
-45.2 0.0182339
-45.1 0.0182339
-45 0.0216203
-44.9 0.0246197
-44.8 0.0246197
-44.7 0.0270435
-44.6 0.0270435
-44.5 0.0287635
-44.4 0.0287635
-44.3 0.0297227
-44.2 0.0299348
-44.1 0.0299348
-44 0.0294748
-43.9 0.0294748
-43.8 0.0284635
-43.7 0.0284635
-43.6 0.0270492
-43.5 0.0253879
-43.4 0.0253879
-43.3 0.0236242
-43.2 0.0236242
-43.1 0.0218748
-43 0.0218748
-42.9 0.0202165
-42.8 0.0186817
-42.7 0.0186817
-42.6 0.0172643
-42.5 0.0172643
-42.4 0.0159327
-42.3 0.0159327
-42.2 0.0146486
-42.1 0.0146486
-42 0.0133833
-41.9 0.0121273
-41.8 0.0121273
-41.7 0.010893
-41.6 0.010893
-41.5 0.00970997
-41.4 0.00970997
-41.3 0.00861899
-41.2 0.00766631
-41.1 0.00766631
-41 0.00690128
-40.9 0.00690128
-40.8 0.00637803
-40.7 0.00637803
-40.6 0.00615601
-40.5 0.00629536
-40.4 0.00629536
-40.3 0.00684497
-40.2 0.00684497
-40.1 0.00782435
-40 0.00782435
-39.9 0.009205
-39.8 0.0108974
-39.7 0.0108974
-39.6 0.0127497
-39.5 0.0127497
-39.4 0.0145574
-39.3 0.0145574
-39.2 0.0160827
-39.1 0.0170813
-39 0.0170813
-38.9 0.0173336
-38.8 0.0173336
-38.7 0.0166733
-38.6 0.0166733
-38.5 0.0150131
-38.4 0.0123644
-38.3 0.0123644
-38.2 0.00884717
-38.1 0.00884717
-38 0.00468619
-37.9 0.00468619
-37.8 0.000191071
-37.7 -0.00428017
-37.6 -0.00428017
-37.5 -0.0083715
-37.4 -0.0083715
-37.3 -0.011784
-37.2 -0.011784
-37.1 -0.0143213
-37 -0.015914
-36.9 -0.015914
-36.8 -0.0166211
-36.7 -0.0166211
-36.6 -0.0166093
-36.5 -0.0166093
-36.4 -0.0161177
-36.3 -0.0161177
-36.2 -0.0154194
-36.1 -0.0147848
-36 -0.0147848
-35.9 -0.0144549
-35.8 -0.0144549
-35.7 -0.0146206
-35.6 -0.0146206
-35.5 -0.0154108
-35.4 -0.0168855
-35.3 -0.0168855
-35.2 -0.0190349
-35.1 -0.0190349
-35 -0.0217834
-34.9 -0.0217834
-34.8 -0.0249982
-34.7 -0.0285047
-34.6 -0.0285047
-34.5 -0.0321069
-34.4 -0.0321069
-34.3 -0.0356116
-34.2 -0.0356116
-34.1 -0.0388522
-34 -0.0417105
-33.9 -0.0417105
-33.8 -0.0441325
-33.7 -0.0441325
-33.6 -0.0461323
-33.5 -0.0461323
-33.4 -0.0477825
-33.3 -0.049194
-33.2 -0.049194
-33.1 -0.0504862
-33 -0.0504862
-32.9 -0.0517573
-32.8 -0.0517573
-32.7 -0.0530601
-32.6 -0.0543884
-32.5 -0.0543884
-32.4 -0.0556784
-32.3 -0.0556784
-32.2 -0.0568217
-32.1 -0.0568217
-32 -0.0576886
-31.9 -0.0581545
-31.8 -0.0581545
-31.7 -0.0581242
-31.6 -0.0581242
-31.5 -0.0575508
-31.4 -0.0575508
-31.3 -0.0564468
-31.2 -0.0548844
-31.1 -0.0548844
-31 -0.0529879
-30.9 -0.0529879
-30.8 -0.050919
-30.7 -0.050919
-30.6 -0.0488583
-30.5 -0.0488583
-30.4 -0.0469844
-30.3 -0.0454525
-30.2 -0.0454525
-30.1 -0.044379
-30 -0.044379
-29.9 -0.0438297
-29.8 -0.0438297
-29.7 -0.0438104
-29.6 -0.0442647
-29.5 -0.0442647
-29.4 -0.0450775
-29.3 -0.0450775
-29.2 -0.0460864
-29.1 -0.0460864
-29 -0.0471002
-28.9 -0.0479205
-28.8 -0.0479205
-28.7 -0.0483636
-28.6 -0.0483636
-28.5 -0.0482789
-28.4 -0.0482789
-28.3 -0.0475341
-28.2 -0.0460737
-28.1 -0.0460737
-28 -0.0439114
-27.9 -0.0439114
-27.8 -0.0410915
-27.7 -0.0410915
-27.6 -0.0377062
-27.5 -0.0338562
-27.4 -0.0338562
-27.3 -0.0296592
-27.2 -0.0296592
-27.1 -0.0252456
-27 -0.0252456
-26.9 -0.0207486
-26.8 -0.0162401
-26.7 -0.0162401
-26.6 -0.0117759
-26.5 -0.0117759
-26.4 -0.00742143
-26.3 -0.00742143
-26.2 -0.0032282
-26.1 0.000762457
-26 0.000762457
-25.9 0.00451198
-25.8 0.00451198
-25.7 0.00797759
-25.6 0.00797759
-25.5 0.0111086
-25.4 0.0138475
-25.3 0.0138475
-25.2 0.0161351
-25.1 0.0161351
-25 0.0179205
-24.9 0.0179205
-24.8 0.0191737
-24.7 0.0191737
-24.6 0.0198941
-24.5 0.0201138
-24.4 0.0201138
-24.3 0.0198921
-24.2 0.0198921
-24.1 0.0193075
-24 0.0193075
-23.9 0.018446
-23.8 0.0173868
-23.7 0.0173868
-23.6 0.0161913
-23.5 0.0161913
-23.4 0.0149053
-23.3 0.0149053
-23.2 0.0135684
-23.1 0.0122243
-23 0.0122243
-22.9 0.01093
-22.8 0.01093
-22.7 0.00976377
-22.6 0.00976377
-22.5 0.00882099
-22.4 0.00820027
-22.3 0.00820027
-22.2 0.00798376
-22.1 0.00798376
-22 0.00821775
-21.9 0.00821775
-21.8 0.00889904
-21.7 0.00996758
-21.6 0.00996758
-21.5 0.011311
-21.4 0.011311
-21.3 0.0127802
-21.2 0.0127802
-21.1 0.0142084
-21 0.0154332
-20.9 0.0154332
-20.8 0.0163181
-20.7 0.0163181
-20.6 0.0167677
-20.5 0.0167677
-20.4 0.0167328
-20.3 0.0162052
-20.2 0.0162052
-20.1 0.0152117
-20 0.0152117
-19.9 0.013813
-19.8 0.013813
-19.7 0.0121079
-19.6 0.0121079
-19.5 0.0102388
-19.4 0.00838021
-19.3 0.00838021
-19.2 0.00673723
-19.1 0.00673723
-19 0.0054983
-18.9 0.0054983
-18.8 0.00488866
-18.7 0.00503388
-18.6 0.00503388
-18.5 0.00597291
-18.4 0.00597291
-18.3 0.00766903
-18.2 0.00766903
-18.1 0.0100308
-18 0.0129518
-17.9 0.0129518
-17.8 0.0163713
-17.7 0.0163713
-17.6 0.0201631
-17.5 0.0201631
-17.4 0.0241663
-17.3 0.0281863
-17.2 0.0281863
-17.1 0.0320639
-17 0.0320639
-16.9 0.0356576
-16.8 0.0356576
-16.7 0.0388487
-16.6 0.04156
-16.5 0.04156
-16.4 0.0437192
-16.3 0.0437192
-16.2 0.0453199
-16.1 0.0453199
-16 0.046412
-15.9 0.0471054
-15.8 0.0471054
-15.7 0.0476574
-15.6 0.0476574
-15.5 0.0482034
-15.4 0.0482034
-15.3 0.0488614
-15.2 0.0497585
-15.1 0.0497585
-15 0.0509366
-14.9 0.0509366
-14.8 0.0524087
-14.7 0.0524087
-14.6 0.0541032
-14.5 0.0559058
-14.4 0.0559058
-14.3 0.0576193
-14.2 0.0576193
-14.1 0.0590788
-14 0.0590788
-13.9 0.0601494
-13.8 0.0601494
-13.7 0.0607445
-13.6 0.0608362
-13.5 0.0608362
-13.4 0.0604541
-13.3 0.0604541
-13.2 0.0596759
-13.1 0.0596759
-13 0.0586073
-12.9 0.0573587
-12.8 0.0573587
-12.7 0.0560216
-12.6 0.0560216
-12.5 0.0546528
-12.4 0.0546528
-12.3 0.0532661
-12.2 0.0518351
-12.1 0.0518351
-12 0.0503056
-11.9 0.0503056
-11.8 0.0486136
-11.7 0.0486136
-11.6 0.0467077
-11.5 0.0445702
-11.4 0.0445702
-11.3 0.042232
-11.2 0.042232
-11.1 0.039776
-11 0.039776
-10.9 0.0373309
-10.8 0.0350559
-10.7 0.0350559
-10.6 0.0331356
-10.5 0.0331356
-10.4 0.0317962
-10.3 0.0317962
-10.2 0.0311669
-10.1 0.0313433
-10 0.0313433
-9.9 0.0324325
-9.8 0.0324325
-9.7 0.0344462
-9.6 0.0344462
-9.5 0.0373655
-9.4 0.0411068
-9.3 0.0411068
-9.2 0.0455275
-9.1 0.0455275
-9 0.050534
-8.9 0.050534
-8.8 0.0559213
-8.7 0.061452
-8.6 0.061452
-8.5 0.0668781
-8.4 0.0668781
-8.3 0.0719684
-8.2 0.0719684
-8.1 0.0765394
-8 0.0765394
-7.9 0.0804798
-7.8 0.0837619
-7.7 0.0837619
-7.6 0.086436
-7.5 0.086436
-7.4 0.0886111
-7.3 0.0886111
-7.2 0.0904249
-7.1 0.0920132
-7 0.0920132
-6.9 0.0934831
-6.8 0.0934831
-6.7 0.0948972
-6.6 0.0948972
-6.5 0.0962711
-6.4 0.0975871
-6.3 0.0975871
-6.2 0.0988144
-6.1 0.0988144
-6 0.0999303
-5.9 0.0999303
-5.8 0.100935
-5.7 0.101861
-5.6 0.101861
-5.5 0.102767
-5.4 0.102767
-5.3 0.103731
-5.2 0.103731
-5.1 0.104837
-5 0.106161
-4.9 0.106161
-4.8 0.10776
-4.7 0.10776
-4.6 0.109669
-4.5 0.109669
-4.4 0.111899
-4.3 0.114447
-4.2 0.114447
-4.1 0.117327
-4 0.117327
-3.9 0.12054
-3.8 0.12054
-3.7 0.124076
-3.6 0.127979
-3.5 0.127979
-3.4 0.132303
-3.3 0.132303
-3.2 0.137117
-3.1 0.137117
-3 0.142475
-2.9 0.148409
-2.8 0.148409
-2.7 0.15491
-2.6 0.15491
-2.5 0.161932
-2.4 0.161932
-2.3 0.169413
-2.2 0.169413
-2.1 0.177265
-2 0.185394
-1.9 0.185394
-1.8 0.193712
-1.7 0.193712
-1.6 0.202134
-1.5 0.202134
-1.4 0.210558
-1.3 0.218875
-1.2 0.218875
-1.1 0.226905
-1 0.226905
-0.9 0.234412
-0.8 0.234412
-0.7 0.241054
-0.6 0.246492
-0.5 0.246492
-0.4 0.250368
-0.3 0.250368
-0.2 0.252363
-0.1 0.252363
0 0.252313
0.1 0.249888
0.2 0.249888
0.3 0.245789
0.4 0.245789
0.5 0.240284
0.6 0.240284
0.7 0.233764
0.8 0.22664
0.9 0.22664
1 0.219248
1.1 0.219248
1.2 0.211909
1.3 0.211909
1.4 0.204961
1.5 0.198411
1.6 0.198411
1.7 0.192251
1.8 0.192251
1.9 0.186462
2 0.186462
2.1 0.181016
2.2 0.175892
2.3 0.175892
2.4 0.171089
2.5 0.171089
2.6 0.166616
2.7 0.166616
2.8 0.162489
2.9 0.162489
3 0.158715
3.1 0.155294
3.2 0.155294
3.3 0.152214
3.4 0.152214
3.5 0.149463
3.6 0.149463
3.7 0.147027
3.8 0.144883
3.9 0.144883
4 0.143008
4.1 0.143008
4.2 0.141373
4.3 0.141373
4.4 0.139946
4.5 0.138691
4.6 0.138691
4.7 0.137589
4.8 0.137589
4.9 0.136633
5 0.136633
5.1 0.135842
5.2 0.135258
5.3 0.135258
5.4 0.13494
5.5 0.13494
5.6 0.134949
5.7 0.134949
5.8 0.135335
5.9 0.136113
6 0.136113
6.1 0.137251
6.2 0.137251
6.3 0.13866
6.4 0.13866
6.5 0.140195
6.6 0.141672
6.7 0.141672
6.8 0.142884
6.9 0.142884
7 0.143634
7.1 0.143634
7.2 0.143762
7.3 0.143171
7.4 0.143171
7.5 0.141846
7.6 0.141846
7.7 0.13986
7.8 0.13986
7.9 0.137366
8 0.134581
8.1 0.134581
8.2 0.131754
8.3 0.131754
8.4 0.12913
8.5 0.12913
8.6 0.126914
8.7 0.126914
8.8 0.125241
8.9 0.124153
9 0.124153
9.1 0.123601
9.2 0.123601
9.3 0.123447
9.4 0.123447
9.5 0.123562
9.6 0.123717
9.7 0.123717
9.8 0.123677
9.9 0.123677
10 0.123261
10.1 0.123261
10.2 0.122341
10.3 0.120906
10.4 0.120906
10.5 0.118956
10.6 0.118956
10.7 0.116508
10.8 0.116508
10.9 0.113732
11 0.110744
11.1 0.110744
11.2 0.107626
11.3 0.107626
11.4 0.104439
11.5 0.104439
11.6 0.101233
11.7 0.0980428
11.8 0.0980428
11.9 0.0948978
12 0.0948978
12.1 0.0918142
12.2 0.0918142
12.3 0.0887933
12.4 0.0858171
12.5 0.0858171
12.6 0.0828466
12.7 0.0828466
12.8 0.0798274
12.9 0.0798274
13 0.0767047
13.1 0.0734457
13.2 0.0734457
13.3 0.070062
13.4 0.070062
13.5 0.0666254
13.6 0.0666254
13.7 0.0632721
13.8 0.0601907
13.9 0.0601907
14 0.0575964
14.1 0.0575964
14.2 0.0556958
14.3 0.0556958
14.4 0.0546524
14.5 0.0546524
14.6 0.0545604
14.7 0.0554663
14.8 0.0554663
14.9 0.0572862
15 0.0572862
15.1 0.0600024
15.2 0.0600024
15.3 0.0633759
15.4 0.0670959
15.5 0.0670959
15.6 0.0709524
15.7 0.0709524
15.8 0.0746734
15.9 0.0746734
16 0.0780252
16.1 0.080708
16.2 0.080708
16.3 0.082498
16.4 0.082498
16.5 0.0832618
16.6 0.0832618
16.7 0.0829265
16.8 0.0814188
16.9 0.0814188
17 0.0790323
17.1 0.0790323
17.2 0.0760274
17.3 0.0760274
17.4 0.0727004
17.5 0.0693088
17.6 0.0693088
17.7 0.0660101
17.8 0.0660101
17.9 0.0629425
18 0.0629425
18.1 0.0602422
18.2 0.0579059
18.3 0.0579059
18.4 0.0557941
18.5 0.0557941
18.6 0.0537591
18.7 0.0537591
18.8 0.0516414
18.9 0.049321
19 0.049321
19.1 0.046745
19.2 0.046745
19.3 0.0439543
19.4 0.0439543
19.5 0.0410338
19.6 0.038156
19.7 0.038156
19.8 0.0355244
19.9 0.0355244
20 0.0333388
20.1 0.0333388
20.2 0.0317571
20.3 0.0317571
20.4 0.0308682
20.5 0.0306766
20.6 0.0306766
20.7 0.0311012
20.8 0.0311012
20.9 0.031984
21 0.031984
21.1 0.0331061
21.2 0.0342085
21.3 0.0342085
21.4 0.0350163
21.5 0.0350163
21.6 0.0352683
21.7 0.0352683
21.8 0.0347487
21.9 0.0333154
22 0.0333154
22.1 0.0309203
22.2 0.0309203
22.3 0.0276156
22.4 0.0276156
22.5 0.0235462
22.6 0.0189275
22.7 0.0189275
22.8 0.0140169
22.9 0.0140169
23 0.00908167
23.1 0.00908167
23.2 0.00437348
23.3 0.000110284
23.4 0.000110284
23.5 -0.00353275
23.6 -0.00353275
23.7 -0.00642365
23.8 -0.00642365
23.9 -0.00846839
24 -0.00960605
24.1 -0.00960605
24.2 -0.00980819
24.3 -0.00980819
24.4 -0.00908279
24.5 -0.00908279
24.6 -0.00748066
24.7 -0.00510142
24.8 -0.00510142
24.9 -0.00209445
25 -0.00209445
25.1 0.00134762
25.2 0.00134762
25.3 0.00500041
25.4 0.00500041
25.5 0.00862569
25.6 0.0119954
25.7 0.0119954
25.8 0.0149161
25.9 0.0149161
26 0.0172498
26.1 0.0172498
26.2 0.0189273
26.3 0.0199526
26.4 0.0199526
26.5 0.0203979
26.6 0.0203979
26.7 0.0203912
26.8 0.0203912
26.9 0.0200994
27 0.0196684
27.1 0.0196684
27.2 0.019261
27.3 0.019261
27.4 0.0191074
27.5 0.0191074
27.6 0.0193845
27.7 0.0202068
27.8 0.0202068
27.9 0.0216115
28 0.0216115
28.1 0.0236058
28.2 0.0236058
28.3 0.0261076
28.4 0.0290518
28.5 0.0290518
28.6 0.0323274
28.7 0.0323274
28.8 0.0357026
28.9 0.0357026
29 0.0390354
29.1 0.0421967
29.2 0.0421967
29.3 0.0450722
29.4 0.0450722
29.5 0.0475622
29.6 0.0475622
29.7 0.0495813
29.8 0.0510603
29.9 0.0510603
30 0.0519498
30.1 0.0519498
30.2 0.0522261
30.3 0.0522261
30.4 0.0518967
30.5 0.0510021
30.6 0.0510021
30.7 0.0496145
30.8 0.0496145
30.9 0.047828
31 0.047828
31.1 0.0457471
31.2 0.0457471
31.3 0.0434754
31.4 0.0411122
31.5 0.0411122
31.6 0.0387557
31.7 0.0387557
31.8 0.0365091
31.9 0.0365091
32 0.0344849
32.1 0.0328048
32.2 0.0328048
32.3 0.0315908
32.4 0.0315908
32.5 0.0309529
32.6 0.0309529
32.7 0.0309723
32.8 0.0316869
32.9 0.0316869
33 0.0330809
33.1 0.0330809
33.2 0.0350817
33.3 0.0350817
33.4 0.037563
33.5 0.0403542
33.6 0.0403542
33.7 0.0432545
33.8 0.0432545
33.9 0.0460525
34 0.0460525
34.1 0.0485496
34.2 0.0505856
34.3 0.0505856
34.4 0.052062
34.5 0.052062
34.6 0.0529593
34.7 0.0529593
34.8 0.0533426
34.9 0.0533526
35 0.0533526
35.1 0.053184
35.2 0.053184
35.3 0.0530516
35.4 0.0530516
35.5 0.0531558
35.6 0.0536505
35.7 0.0536505
35.8 0.0546247
35.9 0.0546247
36 0.0560967
36.1 0.0560967
36.2 0.0580201
36.3 0.0602981
36.4 0.0602981
36.5 0.0628039
36.6 0.0628039
36.7 0.0654005
36.8 0.0654005
36.9 0.0679572
37 0.0679572
37.1 0.0703628
37.2 0.0725356
37.3 0.0725356
37.4 0.074431
37.5 0.074431
37.6 0.0760487
37.7 0.0760487
37.8 0.0774357
37.9 0.078683
38 0.078683
38.1 0.0799133
38.2 0.0799133
38.3 0.0812598
38.4 0.0812598
38.5 0.0828389
38.6 0.0847236
38.7 0.0847236
38.8 0.0869202
38.9 0.0869202
39 0.0893561
39.1 0.0893561
39.2 0.0918803
39.3 0.0942772
39.4 0.0942772
39.5 0.0962905
39.6 0.0962905
39.7 0.0976528
39.8 0.0976528
39.9 0.0981165
40 0.0974823
40.1 0.0974823
40.2 0.0956212
40.3 0.0956212
40.4 0.0924876
40.5 0.0924876
40.6 0.0881243
40.7 0.08266
40.8 0.08266
40.9 0.0763
41 0.0763
41.1 0.0693089
41.2 0.0693089
41.3 0.0619894
41.4 0.0546558
41.5 0.0546558
41.6 0.0476067
41.7 0.0476067
41.8 0.0410985
41.9 0.0410985
42 0.0353234
42.1 0.0303965
42.2 0.0303965
42.3 0.0263522
42.4 0.0263522
42.5 0.0231512
42.6 0.0231512
42.7 0.0206954
42.8 0.0206954
42.9 0.0188479
43 0.0174524
43.1 0.0174524
43.2 0.01635
43.3 0.01635
43.4 0.0153901
43.5 0.0153901
43.6 0.0144372
43.7 0.0133755
43.8 0.0133755
43.9 0.0121171
44 0.0121171
44.1 0.0106159
44.2 0.0106159
44.3 0.00888415
44.4 0.00700629
44.5 0.00700629
44.6 0.00514056
44.7 0.00514056
44.8 0.00350308
44.9 0.00350308
45 0.00233285
45.1 0.00184454
45.2 0.00184454
45.3 0.00218152
45.4 0.00218152
45.5 0.00338129
45.6 0.00338129
45.7 0.00536362
45.8 0.00794557
45.9 0.00794557
46 0.0108796
46.1 0.0108796
46.2 0.0139055
46.3 0.0139055
46.4 0.0168034
46.5 0.0194358
46.6 0.0194358
46.7 0.0217668
46.8 0.0217668
46.9 0.0238568
47 0.0238568
47.1 0.0258353
47.2 0.0278594
47.3 0.0278594
47.4 0.0300733
47.5 0.0300733
47.6 0.0325745
47.7 0.0325745
47.8 0.0353969
47.9 0.0353969
48 0.0385094
48.1 0.041827
48.2 0.041827
48.3 0.045228
48.4 0.045228
48.5 0.0485703
48.6 0.0485703
48.7 0.051706
48.8 0.0544937
48.9 0.0544937
49 0.0568082
49.1 0.0568082
49.2 0.0585498
49.3 0.0585498
49.4 0.0596511
49.5 0.0600817
49.6 0.0600817
49.7 0.0598477
49.8 0.0598477
49.9 0.0589872
50 0.0589872
50.1 0.0575648
50.2 0.055667
50.3 0.055667
50.4 0.0533982
50.5 0.0533982
50.6 0.0508772
50.7 0.0508772
50.8 0.048231
50.9 0.0455821
51 0.0455821
51.1 0.0430311
51.2 0.0430311
51.3 0.0406371
51.4 0.0406371
51.5 0.038404
51.6 0.0362777
51.7 0.0362777
51.8 0.0341569
51.9 0.0341569
52 0.0319181
52.1 0.0319181
52.2 0.0294465
52.3 0.0266656
52.4 0.0266656
52.5 0.023558
52.6 0.023558
52.7 0.0201729
52.8 0.0201729
52.9 0.0166209
53 0.0130585
53.1 0.0130585
53.2 0.00966938
53.3 0.00966938
53.4 0.00664652
53.5 0.00664652
53.6 0.0041779
53.7 0.0041779
53.8 0.0024365
53.9 0.00157241
54 0.00157241
54.1 0.00170385
54.2 0.00170385
54.3 0.00290289
54.4 0.00290289
54.5 0.00517767
54.6 0.00845565
54.7 0.00845565
54.8 0.0125727
54.9 0.0125727
55 0.0172744
55.1 0.0172744
55.2 0.0222327
55.3 0.027078
55.4 0.027078
55.5 0.0314408
55.6 0.0314408
55.7 0.0349953
55.8 0.0349953
55.9 0.0374976
56 0.0388122
56.1 0.0388122
56.2 0.0389225
56.3 0.0389225
56.4 0.037927
56.5 0.037927
56.6 0.0360218
56.7 0.0334762
56.8 0.0334762
56.9 0.0306025
57 0.0306025
57.1 0.0277223
57.2 0.0277223
57.3 0.0251327
57.4 0.0230765
57.5 0.0230765
57.6 0.0217161
57.7 0.0217161
57.8 0.0211155
57.9 0.0211155
58 0.0212321
58.1 0.0219213
58.2 0.0219213
58.3 0.0229381
58.4 0.0229381
58.5 0.0240117
58.6 0.0240117
58.7 0.024856
58.8 0.0251847
58.9 0.0251847
59 0.0247569
59.1 0.0247569
59.2 0.0234285
59.3 0.0234285
59.4 0.0211402
59.5 0.0211402
59.6 0.0179244
59.7 0.0138957
59.8 0.0138957
59.9 0.00923287
60 0.00923287
60.1 0.00415491
60.2 0.00415491
60.3 -0.0011078
60.4 -0.00634205
60.5 -0.00634205
60.6 -0.0113771
60.7 -0.0113771
60.8 -0.0161034
60.9 -0.0161034
61 -0.0204828
61.1 -0.0245477
61.2 -0.0245477
61.3 -0.0283879
61.4 -0.0283879
61.5 -0.032128
61.6 -0.032128
61.7 -0.0358962
61.8 -0.0397894
61.9 -0.0397894
62 -0.0438432
62.1 -0.0438432
62.2 -0.0480155
62.3 -0.0480155
62.4 -0.0521892
62.5 -0.0561916
62.6 -0.0561916
62.7 -0.0598253
62.8 -0.0598253
62.9 -0.0629
63 -0.0629
63.1 -0.0652594
63.2 -0.0667994
63.3 -0.0667994
63.4 -0.0674792
63.5 -0.0674792
63.6 -0.0673254
63.7 -0.0673254
63.8 -0.0664324
63.9 -0.0649584
64 -0.0649584
64.1 -0.0631164
64.2 -0.0631164
64.3 -0.0611573
64.4 -0.0611573
64.5 -0.0593446
64.6 -0.0579227
64.7 -0.0579227
64.8 -0.0570834
64.9 -0.0570834
65 -0.0569364
65.1 -0.0569364
65.2 -0.0574915
65.3 -0.0574915
65.4 -0.0586555
65.5 -0.0602475
65.6 -0.0602475
65.7 -0.0620293
65.8 -0.0620293
65.9 -0.0637457
66 -0.0637457
66.1 -0.0651663
66.2 -0.0661222
66.3 -0.0661222
66.4 -0.0665308
66.5 -0.0665308
66.6 -0.0664044
66.7 -0.0664044
66.8 -0.065842
66.9 -0.0650069
67 -0.0650069
67.1 -0.064095
67.2 -0.064095
67.3 -0.0633003
67.4 -0.0633003
67.5 -0.062784
67.6 -0.0626515
67.7 -0.0626515
67.8 -0.0629388
67.9 -0.0629388
68 -0.0636091
68.1 -0.0636091
68.2 -0.0645595
68.3 -0.065636
68.4 -0.065636
68.5 -0.066656
68.6 -0.066656
68.7 -0.0674326
68.8 -0.0674326
68.9 -0.0677988
69 -0.0676268
69.1 -0.0676268
69.2 -0.0668403
69.3 -0.0668403
69.4 -0.065419
69.5 -0.065419
69.6 -0.0633967
69.7 -0.0608549
69.8 -0.0608549
69.9 -0.057915
70 -0.057915
70.1 -0.0547327
70.2 -0.0547327
70.3 -0.0514929
70.4 -0.0514929
70.5 -0.0484044
70.6 -0.0456935
70.7 -0.0456935
70.8 -0.0435927
70.9 -0.0435927
71 -0.0423255
71.1 -0.0423255
71.2 -0.0420886
71.3 -0.0430318
71.4 -0.0430318
71.5 -0.0452391
71.6 -0.0452391
71.7 -0.0487134
71.8 -0.0487134
71.9 -0.0533689
72 -0.0590322
72.1 -0.0590322
72.2 -0.0654561
72.3 -0.0654561
72.4 -0.0723464
72.5 -0.0723464
72.6 -0.0793978
72.7 -0.0863314
72.8 -0.0863314
72.9 -0.0929264
73 -0.0929264
73.1 -0.0990379
73.2 -0.0990379
73.3 -0.104598
73.4 -0.109613
73.5 -0.109613
73.6 -0.114146
73.7 -0.114146
73.8 -0.118275
73.9 -0.118275
74 -0.122077
74.1 -0.125616
74.2 -0.125616
74.3 -0.128932
74.4 -0.128932
74.5 -0.132016
74.6 -0.132016
74.7 -0.134817
74.8 -0.137247
74.9 -0.137247
75 -0.139191
75.1 -0.139191
75.2 -0.140523
75.3 -0.140523
75.4 -0.141118
75.5 -0.140856
75.6 -0.140856
75.7 -0.139632
75.8 -0.139632
75.9 -0.137353
76 -0.137353
76.1 -0.133955
76.2 -0.133955
76.3 -0.129401
76.4 -0.123702
76.5 -0.123702
76.6 -0.116902
76.7 -0.116902
76.8 -0.109101
76.9 -0.109101
77 -0.100447
77.1 -0.0911254
77.2 -0.0911254
77.3 -0.0813457
77.4 -0.0813457
77.5 -0.0713351
77.6 -0.0713351
77.7 -0.0613296
77.8 -0.051556
77.9 -0.051556
78 -0.0422204
78.1 -0.0422204
78.2 -0.0334986
78.3 -0.0334986
78.4 -0.0255366
78.5 -0.0184465
78.6 -0.0184465
78.7 -0.0123131
78.8 -0.0123131
78.9 -0.0072014
79 -0.0072014
79.1 -0.00316406
79.2 -0.000243679
79.3 -0.000243679
79.4 0.00153153
79.5 0.00153153
79.6 0.0021575
79.7 0.0021575
79.8 0.00166594
79.9 0.000133367
80 0.000133367
80.1 -0.00231657
80.2 -0.00231657
80.3 -0.00551885
80.4 -0.00551885
80.5 -0.00927877
80.6 -0.0133862
80.7 -0.0133862
80.8 -0.01763
80.9 -0.01763
81 -0.02181
81.1 -0.02181
81.2 -0.0257458
81.3 -0.0292841
81.4 -0.0292841
81.5 -0.0323057
81.6 -0.0323057
81.7 -0.034732
81.8 -0.034732
81.9 -0.0365313
82 -0.0365313
82.1 -0.037721
82.2 -0.0383675
82.3 -0.0383675
82.4 -0.0385795
82.5 -0.0385795
82.6 -0.0384974
82.7 -0.0384974
82.8 -0.0382793
82.9 -0.0380848
83 -0.0380848
83.1 -0.0380598
83.2 -0.0380598
83.3 -0.0383244
83.4 -0.0383244
83.5 -0.0389653
83.6 -0.0400317
83.7 -0.0400317
83.8 -0.0415348
83.9 -0.0415348
84 -0.0434506
84.1 -0.0434506
84.2 -0.0457238
84.3 -0.0482733
84.4 -0.0482733
84.5 -0.0509983
84.6 -0.0509983
84.7 -0.053785
84.8 -0.053785
84.9 -0.056514
85 -0.059069
85.1 -0.059069
85.2 -0.0613479
85.3 -0.0613479
85.4 -0.063275
85.5 -0.063275
85.6 -0.0648103
85.7 -0.0659519
85.8 -0.0659519
85.9 -0.0667285
86 -0.0667285
86.1 -0.0671849
86.2 -0.0671849
86.3 -0.0673619
86.4 -0.0672783
86.5 -0.0672783
86.6 -0.0669182
86.7 -0.0669182
86.8 -0.0662281
86.9 -0.0662281
87 -0.0651258
87.1 -0.0635161
87.2 -0.0635161
87.3 -0.0613114
87.4 -0.0613114
87.5 -0.0584479
87.6 -0.0584479
87.7 -0.0548973
87.8 -0.0548973
87.9 -0.0506699
88 -0.0458145
88.1 -0.0458145
88.2 -0.0404147
88.3 -0.0404147
88.4 -0.0345832
88.5 -0.0345832
88.6 -0.028455
88.7 -0.0221801
88.8 -0.0221801
88.9 -0.0159142
89 -0.0159142
89.1 -0.00980924
89.2 -0.00980924
89.3 -0.00400372
89.4 0.00138421
89.5 0.00138421
89.6 0.00625912
89.7 0.00625912
89.8 0.0105468
89.9 0.0105468
90 0.0141909
90.1 0.0171511
90.2 0.0171511
90.3 0.0194034
90.4 0.0194034
90.5 0.0209425
90.6 0.0209425
90.7 0.0217807
90.8 0.0219443
90.9 0.0219443
91 0.0214668
91.1 0.0214668
91.2 0.0203824
91.3 0.0203824
91.4 0.0187244
91.5 0.0165288
91.6 0.0165288
91.7 0.0138429
91.8 0.0138429
91.9 0.0107333
92 0.0107333
92.1 0.00729042
92.2 0.00362622
92.3 0.00362622
92.4 -0.000133727
92.5 -0.000133727
92.6 -0.00386182
92.7 -0.00386182
92.8 -0.00744064
92.9 -0.00744064
93 -0.0107755
93.1 -0.0138073
93.2 -0.0138073
93.3 -0.0165253
93.4 -0.0165253
93.5 -0.0189765
93.6 -0.0189765
93.7 -0.0212676
93.8 -0.0235556
93.9 -0.0235556
94 -0.026024
94.1 -0.026024
94.2 -0.0288495
94.3 -0.0288495
94.4 -0.0321642
94.5 -0.0360222
94.6 -0.0360222
94.7 -0.0403781
94.8 -0.0403781
94.9 -0.0450838
95 -0.0450838
95.1 -0.0499083
95.2 -0.0545742
95.3 -0.0545742
95.4 -0.058804
95.5 -0.058804
95.6 -0.0623631
95.7 -0.0623631
95.8 -0.0650917
95.9 -0.0669187
96 -0.0669187
96.1 -0.0678599
96.2 -0.0678599
96.3 -0.0680039
96.4 -0.0680039
96.5 -0.0674906
96.6 -0.0664877
96.7 -0.0664877
96.8 -0.0651658
96.9 -0.0651658
97 -0.0636777
97.1 -0.0636777
97.2 -0.0621413
97.3 -0.0606298
97.4 -0.0606298
97.5 -0.0591708
97.6 -0.0591708
97.7 -0.0577524
97.8 -0.0577524
97.9 -0.056336
98 -0.0548709
98.1 -0.0548709
98.2 -0.0533084
98.3 -0.0533084
98.4 -0.0516128
98.5 -0.0516128
98.6 -0.0497657
98.7 -0.0497657
98.8 -0.0477653
98.9 -0.0456225
99 -0.0456225
99.1 -0.0433568
99.2 -0.0433568
99.3 -0.0409924
99.4 -0.0409924
99.5 -0.0385575
99.6 -0.0360835
99.7 -0.0360835
99.8 -0.0336043
99.9 -0.0336043
100 -0.0311542
100.1 -0.0311542
100.2 -0.028763
100.3 -0.0264503
100.4 -0.0264503
100.5 -0.0242195
100.6 -0.0242195
100.7 -0.0220563
100.8 -0.0220563
100.9 -0.0199314
101 -0.0178086
101.1 -0.0178086
101.2 -0.0156564
101.3 -0.0156564
101.4 -0.0134601
101.5 -0.0134601
101.6 -0.0112284
101.7 -0.00899597
101.8 -0.00899597
101.9 -0.00681883
102 -0.00681883
102.1 -0.00476669
102.2 -0.00476669
102.3 -0.00291588
102.4 -0.00134537
102.5 -0.00134537
102.6 -0.00013618
102.7 -0.00013618
102.8 0.000627882
102.9 0.000627882
103 0.000861424
103.1 0.000483062
103.2 0.000483062
103.3 -0.000575126
103.4 -0.000575126
103.5 -0.00235748
103.6 -0.00235748
103.7 -0.00487691
103.8 -0.00811095
103.9 -0.00811095
104 -0.0120011
104.1 -0.0120011
104.2 -0.0164546
104.3 -0.0164546
104.4 -0.0213483
104.5 -0.0213483
104.6 -0.0265358
104.7 -0.0318577
104.8 -0.0318577
104.9 -0.0371537
105 -0.0371537
105.1 -0.0422752
105.2 -0.0422752
105.3 -0.0470943
105.4 -0.0515083
105.5 -0.0515083
105.6 -0.0554403
105.7 -0.0554403
105.8 -0.0588376
105.9 -0.0588376
106 -0.0616715
106.1 -0.0639396
106.2 -0.0639396
106.3 -0.0656685
106.4 -0.0656685
106.5 -0.0669128
106.6 -0.0669128
106.7 -0.0677488
106.8 -0.0682636
106.9 -0.0682636
107 -0.0685428
107.1 -0.0685428
107.2 -0.0686534
107.3 -0.0686534
107.4 -0.0686421
107.5 -0.0685304
107.6 -0.0685304
107.7 -0.0683181
107.8 -0.0683181
107.9 -0.0679888
108 -0.0679888
108.1 -0.0675233
108.2 -0.0669076
108.3 -0.0669076
108.4 -0.0661407
108.5 -0.0661407
108.6 -0.0652404
108.7 -0.0652404
108.8 -0.0642391
108.9 -0.0631779
109 -0.0631779
109.1 -0.0621028
109.2 -0.0621028
109.3 -0.0610543
109.4 -0.0610543
109.5 -0.060059
109.6 -0.0591235
109.7 -0.0591235
109.8 -0.0582338
109.9 -0.0582338
110 -0.0573583
110.1 -0.0573583
110.2 -0.0564563
110.3 -0.0564563
110.4 -0.0554895
110.5 -0.0544352
110.6 -0.0544352
110.7 -0.0532969
110.8 -0.0532969
110.9 -0.0521098
111 -0.0521098
111.1 -0.0509373
111.2 -0.0498594
111.3 -0.0498594
111.4 -0.0489555
111.5 -0.0489555
111.6 -0.0482845
111.7 -0.0482845
111.8 -0.0478707
111.9 -0.0476983
112 -0.0476983
112.1 -0.0477164
112.2 -0.0477164
112.3 -0.0478535
112.4 -0.0478535
112.5 -0.0480335
112.6 -0.0481906
112.7 -0.0481906
112.8 -0.0482771
112.9 -0.0482771
113 -0.0482646
113.1 -0.0482646
113.2 -0.04814
113.3 -0.0478965
113.4 -0.0478965
113.5 -0.0475251
113.6 -0.0475251
113.7 -0.0470091
113.8 -0.0470091
113.9 -0.0463255
114 -0.0454534
114.1 -0.0454534
114.2 -0.0443892
114.3 -0.0443892
114.4 -0.0431657
114.5 -0.0431657
114.6 -0.0418659
114.7 -0.0406253
114.8 -0.0406253
114.9 -0.0396176
115 -0.0396176
115.1 -0.0390221
115.2 -0.0390221
115.3 -0.0389848
115.4 -0.0389848
115.5 -0.0395821
115.6 -0.0407999
115.7 -0.0407999
115.8 -0.0425334
115.9 -0.0425334
116 -0.0446062
116.1 -0.0446062
116.2 -0.0468025
116.3 -0.0489036
116.4 -0.0489036
116.5 -0.0507217
116.6 -0.0507217
116.7 -0.0521258
116.8 -0.0521258
116.9 -0.0530557
117 -0.0535232
117.1 -0.0535232
117.2 -0.0536011
117.3 -0.0536011
117.4 -0.0534025
117.5 -0.0534025
117.6 -0.0530547
117.7 -0.0526742
117.8 -0.0526742
117.9 -0.0523459
118 -0.0523459
118.1 -0.0521098
118.2 -0.0521098
118.3 -0.0519585
118.4 -0.0518443
118.5 -0.0518443
118.6 -0.0516942
118.7 -0.0516942
118.8 -0.0514291
118.9 -0.0514291
119 -0.0509804
119.1 -0.0503012
119.2 -0.0503012
119.3 -0.0493677
119.4 -0.0493677
119.5 -0.0481715
119.6 -0.0481715
119.7 -0.0467076
119.8 -0.0449649
119.9 -0.0449649
120 -0.0429243
120.1 -0.0429243
120.2 -0.0405681
120.3 -0.0405681
120.4 -0.0378951
120.5 -0.0349376
120.6 -0.0349376
120.7 -0.0317726
120.8 -0.0317726
120.9 -0.0285238
121 -0.0285238
121.1 -0.0253525
121.2 -0.0253525
121.3 -0.0224369
121.4 -0.0199433
121.5 -0.0199433
121.6 -0.0179978
121.7 -0.0179978
121.8 -0.0166648
121.9 -0.0166648
122 -0.0159378
122.1 -0.0157436
122.2 -0.0157436
122.3 -0.0159564
122.4 -0.0159564
122.5 -0.0164179
122.6 -0.0164179
122.7 -0.0169584
122.8 -0.0174167
122.9 -0.0174167
123 -0.0176581
123.1 -0.0176581
123.2 -0.0175881
123.3 -0.0175881
123.4 -0.017163
123.5 -0.0163948
123.6 -0.0163948
123.7 -0.0153529
123.8 -0.0153529
123.9 -0.0141575
124 -0.0141575
124.1 -0.0129683
124.2 -0.011965
124.3 -0.011965
124.4 -0.011324
124.5 -0.011324
124.6 -0.0111938
124.7 -0.0111938
124.8 -0.0116752
124.9 -0.0128098
125 -0.0128098
125.1 -0.0145782
125.2 -0.0145782
125.3 -0.0169067
125.4 -0.0169067
125.5 -0.0196809
125.6 -0.0227622
125.7 -0.0227622
125.8 -0.0260053
125.9 -0.0260053
126 -0.0292729
126.1 -0.0292729
126.2 -0.0324466
126.3 -0.0354333
126.4 -0.0354333
126.5 -0.038167
126.6 -0.038167
126.7 -0.0406052
126.8 -0.0406052
126.9 -0.042722
127 -0.042722
127.1 -0.0444993
127.2 -0.0459209
127.3 -0.0459209
127.4 -0.0469697
127.5 -0.0469697
127.6 -0.0476316
127.7 -0.0476316
127.8 -0.0479047
127.9 -0.0478093
128 -0.0478093
128.1 -0.0473939
128.2 -0.0473939
128.3 -0.046737
128.4 -0.046737
128.5 -0.0459425
128.6 -0.0451295
128.7 -0.0451295
128.8 -0.0444186
128.9 -0.0444186
129 -0.0439175
129.1 -0.0439175
129.2 -0.0437084
129.3 -0.043837
129.4 -0.043837
129.5 -0.0443058
129.6 -0.0443058
129.7 -0.045071
129.8 -0.045071
129.9 -0.0460444
130 -0.0471002
130.1 -0.0471002
130.2 -0.0480852
130.3 -0.0480852
130.4 -0.0488332
130.5 -0.0488332
130.6 -0.0491807
130.7 -0.0489855
130.8 -0.0489855
130.9 -0.0481459
131 -0.0481459
131.1 -0.0466181
131.2 -0.0466181
131.3 -0.0444277
131.4 -0.0416729
131.5 -0.0416729
131.6 -0.0385185
131.7 -0.0385185
131.8 -0.0351806
131.9 -0.0351806
132 -0.0319026
132.1 -0.028924
132.2 -0.028924
132.3 -0.0264456
132.4 -0.0264456
132.5 -0.0245988
132.6 -0.0245988
132.7 -0.0234243
132.8 -0.0234243
132.9 -0.0228651
133 -0.0227789
133.1 -0.0227789
133.2 -0.0229661
133.3 -0.0229661
133.4 -0.0232103
133.5 -0.0232103
133.6 -0.0233242
133.7 -0.0231906
133.8 -0.0231906
133.9 -0.0227924
134 -0.0227924
134.1 -0.0222221
134.2 -0.0222221
134.3 -0.0216695
134.4 -0.0213855
134.5 -0.0213855
134.6 -0.0216316
134.7 -0.0216316
134.8 -0.0226196
134.9 -0.0226196
135 -0.024458
135.1 -0.0271172
135.2 -0.0271172
135.3 -0.0304217
135.4 -0.0304217
135.5 -0.0340742
135.6 -0.0340742
135.7 -0.0377048
135.8 -0.0409359
135.9 -0.0409359
136 -0.0434466
136.1 -0.0434466
136.2 -0.0450239
136.3 -0.0450239
136.4 -0.0455935
136.5 -0.0452271
136.6 -0.0452271
136.7 -0.0441284
136.8 -0.0441284
136.9 -0.0426006
137 -0.0426006
137.1 -0.0409995
137.2 -0.0396778
137.3 -0.0396778
137.4 -0.0389308
137.5 -0.0389308
137.6 -0.0389553
137.7 -0.0389553
137.8 -0.0398282
137.9 -0.0398282
138 -0.0415118
138.1 -0.0438801
138.2 -0.0438801
138.3 -0.046759
138.4 -0.046759
138.5 -0.0499668
138.6 -0.0499668
138.7 -0.0533465
138.8 -0.0567823
138.9 -0.0567823
139 -0.0602
139.1 -0.0602
139.2 -0.0635558
139.3 -0.0635558
139.4 -0.0668202
139.5 -0.0699641
139.6 -0.0699641
139.7 -0.0729505
139.8 -0.0729505
139.9 -0.0757327
140 -0.0757327
140.1 -0.0782569
140.2 -0.0804665
140.3 -0.0804665
140.4 -0.0823066
140.5 -0.0823066
140.6 -0.0837257
140.7 -0.0837257
140.8 -0.0846762
140.9 -0.0851145
141 -0.0851145
141.1 -0.0850062
141.2 -0.0850062
141.3 -0.084336
141.4 -0.084336
141.5 -0.083121
141.6 -0.0814233
141.7 -0.0814233
141.8 -0.0793607
141.9 -0.0793607
142 -0.0771107
142.1 -0.0771107
142.2 -0.074903
142.3 -0.0730013
142.4 -0.0730013
142.5 -0.0716752
142.6 -0.0716752
142.7 -0.0711652
142.8 -0.0711652
142.9 -0.0716484
143 -0.0732087
143.1 -0.0732087
143.2 -0.0758185
143.3 -0.0758185
143.4 -0.0793328
143.5 -0.0793328
143.6 -0.0834998
143.7 -0.0834998
143.8 -0.0879859
143.9 -0.0924104
144 -0.0924104
144.1 -0.0963869
144.2 -0.0963869
144.3 -0.0995634
144.4 -0.0995634
144.5 -0.101657
144.6 -0.102481
144.7 -0.102481
144.8 -0.10195
144.9 -0.10195
145 -0.100085
145.1 -0.100085
145.2 -0.0969956
145.3 -0.0928627
145.4 -0.0928627
145.5 -0.0879151
145.6 -0.0879151
145.7 -0.0824073
145.8 -0.0824073
145.9 -0.0765995
146 -0.0707416
146.1 -0.0707416
146.2 -0.0650632
146.3 -0.0650632
146.4 -0.0597643
146.5 -0.0597643
146.6 -0.0550082
146.7 -0.0509143
146.8 -0.0509143
146.9 -0.0475546
147 -0.0475546
147.1 -0.0449532
147.2 -0.0449532
147.3 -0.0430907
147.4 -0.0419111
147.5 -0.0419111
147.6 -0.0413309
147.7 -0.0413309
147.8 -0.0412462
147.9 -0.0412462
148 -0.0415398
148.1 -0.0420867
148.2 -0.0420867
148.3 -0.0427583
148.4 -0.0427583
148.5 -0.0434266
148.6 -0.0434266
148.7 -0.0439691
148.8 -0.0442759
148.9 -0.0442759
149 -0.0442581
149.1 -0.0442581
149.2 -0.0438561
149.3 -0.0438561
149.4 -0.0430478
149.5 -0.0430478
149.6 -0.041856
149.7 -0.0403522
149.8 -0.0403522
149.9 -0.0386561
150 -0.0386561
150.1 -0.036923
150.2 -0.036923
150.3 -0.0353215
150.4 -0.0340046
150.5 -0.0340046
150.6 -0.0330817
150.7 -0.0330817
150.8 -0.0325996
150.9 -0.0325996
151 -0.0325385
151.1 -0.0328201
151.2 -0.0328201
151.3 -0.0333269
151.4 -0.0333269
151.5 -0.0339243
151.6 -0.0339243
151.7 -0.0344813
151.8 -0.0348854
151.9 -0.0348854
152 -0.0350517
152.1 -0.0350517
152.2 -0.0349279
152.3 -0.0349279
152.4 -0.0344984
152.5 -0.033788
152.6 -0.033788
152.7 -0.0328631
152.8 -0.0328631
152.9 -0.0318287
153 -0.0318287
153.1 -0.0308185
153.2 -0.0299779
153.3 -0.0299779
153.4 -0.0294428
153.5 -0.0294428
153.6 -0.0293159
153.7 -0.0293159
153.8 -0.0296473
153.9 -0.0304215
154 -0.0304215
154.1 -0.0315548
154.2 -0.0315548
154.3 -0.0329023
154.4 -0.0329023
154.5 -0.0342735
154.6 -0.035453
154.7 -0.035453
154.8 -0.0362226
154.9 -0.0362226
155 -0.0363839
155.1 -0.0363839
155.2 -0.0357813
155.3 -0.0357813
155.4 -0.0343253
155.5 -0.03201
155.6 -0.03201
155.7 -0.0289198
155.8 -0.0289198
155.9 -0.0252232
156 -0.0252232
156.1 -0.0211532
156.2 -0.0169762
156.3 -0.0169762
156.4 -0.0129567
156.5 -0.0129567
156.6 -0.00932346
156.7 -0.00932346
156.8 -0.00624268
156.9 -0.00380438
157 -0.00380438
157.1 -0.002021
157.2 -0.002021
157.3 -0.000835159
157.4 -0.000835159
157.5 -0.000135104
157.6 0.000224194
157.7 0.000224194
157.8 0.000398196
157.9 0.000398196
158 0.000530685
158.1 0.000530685
158.2 0.000735768
158.3 0.00108808
158.4 0.00108808
158.5 0.00162217
158.6 0.00162217
158.7 0.00233931
158.8 0.00233931
158.9 0.00321824
159 0.00422781
159.1 0.00422781
159.2 0.0053424
159.3 0.0053424
159.4 0.00656055
159.5 0.00656055
159.6 0.00788474
159.7 0.00935102
159.8 0.00935102
159.9 0.0110261
160 0.0110261
160.1 0.0129906
160.2 0.0129906
160.3 0.015334
160.4 0.015334
160.5 0.0181139
160.6 0.0213371
160.7 0.0213371
160.8 0.0249548
160.9 0.0249548
161 0.028838
161.1 0.028838
161.2 0.0327828
161.3 0.036526
161.4 0.036526
161.5 0.0397838
161.6 0.0397838
161.7 0.0422913
161.8 0.0422913
161.9 0.0438427
162 0.0443243
162.1 0.0443243
162.2 0.043735
162.3 0.043735
162.4 0.0421865
162.5 0.0421865
162.6 0.0398863
162.7 0.0371089
162.8 0.0371089
162.9 0.0341599
163 0.0341599
163.1 0.0313413
163.2 0.0313413
163.3 0.0289188
163.4 0.0270966
163.5 0.0270966
163.6 0.026001
163.7 0.026001
163.8 0.0256753
163.9 0.0256753
164 0.0260827
164.1 0.0271184
164.2 0.0271184
164.3 0.0286265
164.4 0.0286265
164.5 0.0304218
164.6 0.0304218
164.7 0.0323119
164.8 0.0341174
164.9 0.0341174
165 0.0356824
165.1 0.0356824
165.2 0.0369431
165.3 0.0369431
165.4 0.0377729
165.5 0.0380799
165.6 0.0380799
165.7 0.0377457
165.8 0.0377457
165.9 0.0367719
166 0.0367719
166.1 0.0351854
166.2 0.0351854
166.3 0.0330208
166.4 0.0303352
166.5 0.0303352
166.6 0.0272283
166.7 0.0272283
166.8 0.0238209
166.9 0.0238209
167 0.0202194
167.1 0.0165253
167.2 0.0165253
167.3 0.0128211
167.4 0.0128211
167.5 0.00919486
167.6 0.00919486
167.7 0.00573443
167.8 0.00240123
167.9 0.00240123
168 -0.000780778
168.1 -0.000780778
168.2 -0.0038034
168.3 -0.0038034
168.4 -0.0066497
168.5 -0.00929133
168.6 -0.00929133
168.7 -0.0116894
168.8 -0.0116894
168.9 -0.0137953
169 -0.0137953
169.1 -0.015551
169.2 -0.0168915
169.3 -0.0168915
169.4 -0.0177517
169.5 -0.0177517
169.6 -0.0180755
169.7 -0.0180755
169.8 -0.0178292
169.9 -0.016977
170 -0.016977
170.1 -0.0155843
170.2 -0.0155843
170.3 -0.0137778
170.4 -0.0137778
170.5 -0.011712
170.6 -0.00957844
170.7 -0.00957844
170.8 -0.00756749
170.9 -0.00756749
171 -0.00586369
171.1 -0.00586369
171.2 -0.00463006
171.3 -0.00397231
171.4 -0.00397231
171.5 -0.00391736
171.6 -0.00391736
171.7 -0.0043906
171.8 -0.0043906
171.9 -0.0052922
172 -0.0052922
172.1 -0.00643222
172.2 -0.00760959
172.3 -0.00760959
172.4 -0.00860986
172.5 -0.00860986
172.6 -0.00921645
172.7 -0.00921645
172.8 -0.00924187
172.9 -0.00856055
173 -0.00856055
173.1 -0.00710398
173.2 -0.00710398
173.3 -0.00486218
173.4 -0.00486218
173.5 -0.00188018
173.6 0.00173495
173.7 0.00173495
173.8 0.00581301
173.9 0.00581301
174 0.0102004
174.1 0.0102004
174.2 0.0146877
174.3 0.0190313
174.4 0.0190313
174.5 0.0229919
174.6 0.0229919
174.7 0.0263356
174.8 0.0263356
174.9 0.0288746
175 0.0304827
175.1 0.0304827
175.2 0.0311894
175.3 0.0311894
175.4 0.0310877
175.5 0.0310877
175.6 0.030375
175.7 0.0292995
175.8 0.0292995
175.9 0.028136
176 0.028136
176.1 0.0271407
176.2 0.0271407
176.3 0.0265167
176.4 0.0263391
176.5 0.0263391
176.6 0.0265769
176.7 0.0265769
176.8 0.0271061
176.9 0.0271061
177 0.027731
177.1 0.0282153
177.2 0.0282153
177.3 0.0283329
177.4 0.0283329
177.5 0.0278797
177.6 0.0278797
177.7 0.026725
177.8 0.026725
177.9 0.024787
178 0.0220881
178.1 0.0220881
178.2 0.0187093
178.3 0.0187093
178.4 0.0148042
178.5 0.0148042
178.6 0.0105351
178.7 0.00607143
178.8 0.00607143
178.9 0.00154755
179 0.00154755
179.1 -0.00292137
179.2 -0.00292137
179.3 -0.00727179
179.4 -0.0114455
179.5 -0.0114455
179.6 -0.0154228
179.7 -0.0154228
179.8 -0.0192318
179.9 -0.0192318
