NSIDE = 512
ORDERING = RING in fits file
INDXSCHM = IMPLICIT
NSIDE = 512
ORDERING = RING in fits file
INDXSCHM = IMPLICIT
NSIDE = 512
ORDERING = RING in fits file
INDXSCHM = IMPLICIT
NSIDE = 512
ORDERING = RING in fits file
INDXSCHM = IMPLICIT
ndata = 259608
-2 1
-1 0.252313
0 259608 0.252313
0.1 259384 0.249888
0.2 259384 0.249888
0.3 259169 0.245789
0.4 259169 0.245789
0.5 258963 0.240284
0.6 258963 0.240284
0.7 258769 0.233764
0.8 258593 0.22664
0.9 258593 0.22664
1 258431 0.219248
1.1 258431 0.219248
1.2 258287 0.211909
1.3 258287 0.211909
1.4 258151 0.204961
1.5 258018 0.198411
1.6 258018 0.198411
1.7 257885 0.192251
1.8 257885 0.192251
1.9 257752 0.186462
2 257752 0.186462
2.1 257622 0.181016
2.2 257496 0.175892
2.3 257496 0.175892
2.4 257371 0.171089
2.5 257371 0.171089
2.6 257246 0.166616
2.7 257246 0.166616
2.8 257121 0.162489
2.9 257121 0.162489
3 256995 0.158715
3.1 256869 0.155294
3.2 256869 0.155294
3.3 256744 0.152214
3.4 256744 0.152214
3.5 256620 0.149463
3.6 256620 0.149463
3.7 256495 0.147027
3.8 256370 0.144883
3.9 256370 0.144883
4 256245 0.143008
4.1 256245 0.143008
4.2 256115 0.141373
4.3 256115 0.141373
4.4 255982 0.139946
4.5 255849 0.138691
4.6 255849 0.138691
4.7 255716 0.137589
4.8 255716 0.137589
4.9 255583 0.136633
5 255583 0.136633
5.1 255450 0.135842
5.2 255317 0.135258
5.3 255317 0.135258
5.4 255184 0.13494
5.5 255184 0.13494
5.6 255051 0.134949
5.7 255051 0.134949
5.8 254918 0.135335
5.9 254785 0.136113
6 254785 0.136113
6.1 254652 0.137251
6.2 254652 0.137251
6.3 254519 0.13866
6.4 254519 0.13866
6.5 254386 0.140195
6.6 254253 0.141672
6.7 254253 0.141672
6.8 254120 0.142884
6.9 254120 0.142884
7 253987 0.143634
7.1 253987 0.143634
7.2 253854 0.143762
7.3 253721 0.143171
7.4 253721 0.143171
7.5 253588 0.141846
7.6 253588 0.141846
7.7 253455 0.13986
7.8 253455 0.13986
7.9 253322 0.137366
8 253189 0.134581
8.1 253189 0.134581
8.2 253056 0.131754
8.3 253056 0.131754
8.4 252923 0.12913
8.5 252923 0.12913
8.6 252790 0.126914
8.7 252790 0.126914
8.8 252657 0.125241
8.9 252524 0.124153
9 252524 0.124153
9.1 252391 0.123601
9.2 252391 0.123601
9.3 252258 0.123447
9.4 252258 0.123447
9.5 252131 0.123562
9.6 252010 0.123717
9.7 252010 0.123717
9.8 251892 0.123677
9.9 251892 0.123677
10 251776 0.123261
10.1 251776 0.123261
10.2 251659 0.122341
10.3 251543 0.120906
10.4 251543 0.120906
10.5 251423 0.118956
10.6 251423 0.118956
10.7 251292 0.116508
10.8 251292 0.116508
10.9 251159 0.113732
11 251026 0.110744
11.1 251026 0.110744
11.2 250893 0.107626
11.3 250893 0.107626
11.4 250760 0.104439
11.5 250760 0.104439
11.6 250627 0.101233
11.7 250494 0.0980428
11.8 250494 0.0980428
11.9 250361 0.0948978
12 250361 0.0948978
12.1 250228 0.0918142
12.2 250228 0.0918142
12.3 250095 0.0887933
12.4 249962 0.0858171
12.5 249962 0.0858171
12.6 249829 0.0828466
12.7 249829 0.0828466
12.8 249696 0.0798274
12.9 249696 0.0798274
13 249563 0.0767047
13.1 249430 0.0734457
13.2 249430 0.0734457
13.3 249297 0.070062
13.4 249297 0.070062
13.5 249164 0.0666254
13.6 249164 0.0666254
13.7 249031 0.0632721
13.8 248898 0.0601907
13.9 248898 0.0601907
14 248765 0.0575964
14.1 248765 0.0575964
14.2 248632 0.0556958
14.3 248632 0.0556958
14.4 248499 0.0546524
14.5 248499 0.0546524
14.6 248366 0.0545604
14.7 248235 0.0554663
14.8 248235 0.0554663
14.9 248105 0.0572862
15 248105 0.0572862
15.1 247984 0.0600024
15.2 247984 0.0600024
15.3 247878 0.0633759
15.4 247778 0.0670959
15.5 247778 0.0670959
15.6 247687 0.0709524
15.7 247687 0.0709524
15.8 247599 0.0746734
15.9 247599 0.0746734
16 247519 0.0780252
16.1 247443 0.080708
16.2 247443 0.080708
16.3 247373 0.082498
16.4 247373 0.082498
16.5 247310 0.0832618
16.6 247310 0.0832618
16.7 247255 0.0829265
16.8 247216 0.0814188
16.9 247216 0.0814188
17 247179 0.0790323
17.1 247179 0.0790323
17.2 247143 0.0760274
17.3 247143 0.0760274
17.4 247108 0.0727004
17.5 247075 0.0693088
17.6 247075 0.0693088
17.7 247047 0.0660101
17.8 247047 0.0660101
17.9 247026 0.0629425
18 247026 0.0629425
18.1 247019 0.0602422
18.2 247012 0.0579059
18.3 247012 0.0579059
18.4 247002 0.0557941
18.5 247002 0.0557941
18.6 246989 0.0537591
18.7 246989 0.0537591
18.8 246973 0.0516414
18.9 246956 0.049321
19 246956 0.049321
19.1 246940 0.046745
19.2 246940 0.046745
19.3 246933 0.0439543
19.4 246933 0.0439543
19.5 246930 0.0410338
19.6 246930 0.038156
19.7 246930 0.038156
19.8 246930 0.0355244
19.9 246930 0.0355244
20 246930 0.0333388
20.1 246930 0.0333388
20.2 246930 0.0317571
20.3 246930 0.0317571
20.4 246930 0.0308682
20.5 246930 0.0306766
20.6 246930 0.0306766
20.7 246930 0.0311012
20.8 246930 0.0311012
20.9 246930 0.031984
21 246930 0.031984
21.1 246930 0.0331061
21.2 246930 0.0342085
21.3 246930 0.0342085
21.4 246930 0.0350163
21.5 246930 0.0350163
21.6 246930 0.0352683
21.7 246930 0.0352683
21.8 246930 0.0347487
21.9 246930 0.0333154
22 246930 0.0333154
22.1 246930 0.0309203
22.2 246930 0.0309203
22.3 246930 0.0276156
22.4 246930 0.0276156
22.5 246930 0.0235462
22.6 246930 0.0189275
22.7 246930 0.0189275
22.8 246930 0.0140169
22.9 246930 0.0140169
23 246930 0.00908167
23.1 246930 0.00908167
23.2 246930 0.00437348
23.3 246930 0.000110284
23.4 246930 0.000110284
23.5 246930 -0.00353275
23.6 246930 -0.00353275
23.7 246930 -0.00642365
23.8 246930 -0.00642365
23.9 246930 -0.00846839
24 246930 -0.00960605
24.1 246930 -0.00960605
24.2 246930 -0.00980819
24.3 246930 -0.00980819
24.4 246930 -0.00908279
24.5 246930 -0.00908279
24.6 246930 -0.00748066
24.7 246930 -0.00510142
24.8 246930 -0.00510142
24.9 246930 -0.00209445
25 246930 -0.00209445
25.1 246930 0.00134762
25.2 246930 0.00134762
25.3 246930 0.00500041
25.4 246930 0.00500041
25.5 246930 0.00862569
25.6 246930 0.0119954
25.7 246930 0.0119954
25.8 246930 0.0149161
25.9 246930 0.0149161
26 246930 0.0172498
26.1 246930 0.0172498
26.2 246930 0.0189273
26.3 246930 0.0199526
26.4 246930 0.0199526
26.5 246930 0.0203979
26.6 246930 0.0203979
26.7 246930 0.0203912
26.8 246930 0.0203912
26.9 246930 0.0200994
27 246927 0.0196684
27.1 246927 0.0196684
27.2 246918 0.019261
27.3 246918 0.019261
27.4 246906 0.0191074
27.5 246906 0.0191074
27.6 246893 0.0193845
27.7 246880 0.0202068
27.8 246880 0.0202068
27.9 246866 0.0216115
28 246866 0.0216115
28.1 246853 0.0236058
28.2 246853 0.0236058
28.3 246840 0.0261076
28.4 246832 0.0290518
28.5 246832 0.0290518
28.6 246832 0.0323274
28.7 246832 0.0323274
28.8 246832 0.0357026
28.9 246832 0.0357026
29 246832 0.0390354
29.1 246832 0.0421967
29.2 246832 0.0421967
29.3 246832 0.0450722
29.4 246832 0.0450722
29.5 246832 0.0475622
29.6 246832 0.0475622
29.7 246832 0.0495813
29.8 246832 0.0510603
29.9 246832 0.0510603
30 246832 0.0519498
30.1 246832 0.0519498
30.2 246832 0.0522261
30.3 246832 0.0522261
30.4 246832 0.0518967
30.5 246832 0.0510021
30.6 246832 0.0510021
30.7 246832 0.0496145
30.8 246832 0.0496145
30.9 246832 0.047828
31 246832 0.047828
31.1 246832 0.0457471
31.2 246832 0.0457471
31.3 246832 0.0434754
31.4 246832 0.0411122
31.5 246832 0.0411122
31.6 246832 0.0387557
31.7 246832 0.0387557
31.8 246832 0.0365091
31.9 246832 0.0365091
32 246832 0.0344849
32.1 246832 0.0328048
32.2 246832 0.0328048
32.3 246832 0.0315908
32.4 246832 0.0315908
32.5 246832 0.0309529
32.6 246832 0.0309529
32.7 246832 0.0309723
32.8 246832 0.0316869
32.9 246832 0.0316869
33 246832 0.0330809
33.1 246832 0.0330809
33.2 246832 0.0350817
33.3 246832 0.0350817
33.4 246832 0.037563
33.5 246832 0.0403542
33.6 246832 0.0403542
33.7 246832 0.0432545
33.8 246832 0.0432545
33.9 246832 0.0460525
34 246832 0.0460525
34.1 246832 0.0485496
34.2 246832 0.0505856
34.3 246832 0.0505856
34.4 246832 0.052062
34.5 246832 0.052062
34.6 246832 0.0529593
34.7 246832 0.0529593
34.8 246832 0.0533426
34.9 246832 0.0533526
35 246832 0.0533526
35.1 246832 0.053184
35.2 246832 0.053184
35.3 246832 0.0530516
35.4 246832 0.0530516
35.5 246832 0.0531558
35.6 246832 0.0536505
35.7 246832 0.0536505
35.8 246832 0.0546247
35.9 246832 0.0546247
36 246832 0.0560967
36.1 246832 0.0560967
36.2 246832 0.0580201
36.3 246832 0.0602981
36.4 246832 0.0602981
36.5 246832 0.0628039
36.6 246832 0.0628039
36.7 246832 0.0654005
36.8 246832 0.0654005
36.9 246832 0.0679572
37 246832 0.0679572
37.1 246832 0.0703628
37.2 246832 0.0725356
37.3 246832 0.0725356
37.4 246832 0.074431
37.5 246832 0.074431
37.6 246832 0.0760487
37.7 246832 0.0760487
37.8 246832 0.0774357
37.9 246832 0.078683
38 246832 0.078683
38.1 246832 0.0799133
38.2 246832 0.0799133
38.3 246832 0.0812598
38.4 246832 0.0812598
38.5 246832 0.0828389
38.6 246832 0.0847236
38.7 246832 0.0847236
38.8 246832 0.0869202
38.9 246832 0.0869202
39 246832 0.0893561
39.1 246832 0.0893561
39.2 246832 0.0918803
39.3 246832 0.0942772
39.4 246832 0.0942772
39.5 246832 0.0962905
39.6 246832 0.0962905
39.7 246832 0.0976528
39.8 246832 0.0976528
39.9 246832 0.0981165
40 246832 0.0974823
40.1 246832 0.0974823
40.2 246832 0.0956212
40.3 246832 0.0956212
40.4 246832 0.0924876
40.5 246832 0.0924876
40.6 246832 0.0881243
40.7 246832 0.08266
40.8 246832 0.08266
40.9 246832 0.0763
41 246832 0.0763
41.1 246832 0.0693089
41.2 246832 0.0693089
41.3 246832 0.0619894
41.4 246832 0.0546558
41.5 246832 0.0546558
41.6 246832 0.0476067
41.7 246832 0.0476067
41.8 246832 0.0410985
41.9 246832 0.0410985
42 246832 0.0353234
42.1 246832 0.0303965
42.2 246832 0.0303965
42.3 246832 0.0263522
42.4 246832 0.0263522
42.5 246832 0.0231512
42.6 246832 0.0231512
42.7 246832 0.0206954
42.8 246832 0.0206954
42.9 246832 0.0188479
43 246832 0.0174524
43.1 246832 0.0174524
43.2 246832 0.01635
43.3 246832 0.01635
43.4 246832 0.0153901
43.5 246832 0.0153901
43.6 246832 0.0144372
43.7 246832 0.0133755
43.8 246832 0.0133755
43.9 246832 0.0121171
44 246832 0.0121171
44.1 246832 0.0106159
44.2 246832 0.0106159
44.3 246832 0.00888415
44.4 246832 0.00700629
44.5 246832 0.00700629
44.6 246832 0.00514056
44.7 246832 0.00514056
44.8 246832 0.00350308
44.9 246832 0.00350308
45 246832 0.00233285
45.1 246832 0.00184454
45.2 246832 0.00184454
45.3 246832 0.00218152
45.4 246832 0.00218152
45.5 246832 0.00338129
45.6 246832 0.00338129
45.7 246832 0.00536362
45.8 246832 0.00794557
45.9 246832 0.00794557
46 246832 0.0108796
46.1 246832 0.0108796
46.2 246832 0.0139055
46.3 246832 0.0139055
46.4 246832 0.0168034
46.5 246832 0.0194358
46.6 246832 0.0194358
46.7 246832 0.0217668
46.8 246832 0.0217668
46.9 246832 0.0238568
47 246832 0.0238568
47.1 246832 0.0258353
47.2 246832 0.0278594
47.3 246832 0.0278594
47.4 246832 0.0300733
47.5 246832 0.0300733
47.6 246832 0.0325745
47.7 246832 0.0325745
47.8 246832 0.0353969
47.9 246832 0.0353969
48 246832 0.0385094
48.1 246832 0.041827
48.2 246832 0.041827
48.3 246832 0.045228
48.4 246832 0.045228
48.5 246832 0.0485703
48.6 246832 0.0485703
48.7 246832 0.051706
48.8 246832 0.0544937
48.9 246832 0.0544937
49 246832 0.0568082
49.1 246832 0.0568082
49.2 246832 0.0585498
49.3 246832 0.0585498
49.4 246832 0.0596511
49.5 246832 0.0600817
49.6 246832 0.0600817
49.7 246832 0.0598477
49.8 246832 0.0598477
49.9 246832 0.0589872
50 246832 0.0589872
50.1 246832 0.0575648
50.2 246832 0.055667
50.3 246832 0.055667
50.4 246832 0.0533982
50.5 246832 0.0533982
50.6 246832 0.0508772
50.7 246832 0.0508772
50.8 246832 0.048231
50.9 246832 0.0455821
51 246832 0.0455821
51.1 246832 0.0430311
51.2 246832 0.0430311
51.3 246832 0.0406371
51.4 246832 0.0406371
51.5 246832 0.038404
51.6 246832 0.0362777
51.7 246832 0.0362777
51.8 246832 0.0341569
51.9 246832 0.0341569
52 246832 0.0319181
52.1 246832 0.0319181
52.2 246832 0.0294465
52.3 246832 0.0266656
52.4 246832 0.0266656
52.5 246832 0.023558
52.6 246832 0.023558
52.7 246832 0.0201729
52.8 246832 0.0201729
52.9 246832 0.0166209
53 246832 0.0130585
53.1 246832 0.0130585
53.2 246832 0.00966938
53.3 246832 0.00966938
53.4 246832 0.00664652
53.5 246832 0.00664652
53.6 246832 0.0041779
53.7 246832 0.0041779
53.8 246832 0.0024365
53.9 246832 0.00157241
54 246832 0.00157241
54.1 246832 0.00170385
54.2 246832 0.00170385
54.3 246832 0.00290289
54.4 246832 0.00290289
54.5 246832 0.00517767
54.6 246832 0.00845565
54.7 246832 0.00845565
54.8 246832 0.0125727
54.9 246832 0.0125727
55 246832 0.0172744
55.1 246832 0.0172744
55.2 246832 0.0222327
55.3 246832 0.027078
55.4 246832 0.027078
55.5 246832 0.0314408
55.6 246832 0.0314408
55.7 246832 0.0349953
55.8 246832 0.0349953
55.9 246832 0.0374976
56 246832 0.0388122
56.1 246832 0.0388122
56.2 246832 0.0389225
56.3 246832 0.0389225
56.4 246832 0.037927
56.5 246832 0.037927
56.6 246832 0.0360218
56.7 246832 0.0334762
56.8 246832 0.0334762
56.9 246832 0.0306025
57 246832 0.0306025
57.1 246832 0.0277223
57.2 246832 0.0277223
57.3 246832 0.0251327
57.4 246832 0.0230765
57.5 246832 0.0230765
57.6 246832 0.0217161
57.7 246832 0.0217161
57.8 246832 0.0211155
57.9 246832 0.0211155
58 246832 0.0212321
58.1 246832 0.0219213
58.2 246832 0.0219213
58.3 246837 0.0229381
58.4 246837 0.0229381
58.5 246845 0.0240117
58.6 246845 0.0240117
58.7 246851 0.024856
58.8 246855 0.0251847
58.9 246855 0.0251847
59 246855 0.0247569
59.1 246855 0.0247569
59.2 246855 0.0234285
59.3 246855 0.0234285
59.4 246855 0.0211402
59.5 246855 0.0211402
59.6 246855 0.0179244
59.7 246855 0.0138957
59.8 246855 0.0138957
59.9 246855 0.00923287
60 246855 0.00923287
60.1 246855 0.00415491
60.2 246855 0.00415491
60.3 246855 -0.0011078
60.4 246855 -0.00634205
60.5 246855 -0.00634205
60.6 246855 -0.0113771
60.7 246855 -0.0113771
60.8 246855 -0.0161034
60.9 246855 -0.0161034
61 246855 -0.0204828
61.1 246855 -0.0245477
61.2 246855 -0.0245477
61.3 246855 -0.0283879
61.4 246855 -0.0283879
61.5 246855 -0.032128
61.6 246855 -0.032128
61.7 246855 -0.0358962
61.8 246855 -0.0397894
61.9 246855 -0.0397894
62 246855 -0.0438432
62.1 246855 -0.0438432
62.2 246855 -0.0480155
62.3 246855 -0.0480155
62.4 246855 -0.0521892
62.5 246855 -0.0561916
62.6 246855 -0.0561916
62.7 246855 -0.0598253
62.8 246855 -0.0598253
62.9 246855 -0.0629
63 246855 -0.0629
63.1 246855 -0.0652594
63.2 246855 -0.0667994
63.3 246855 -0.0667994
63.4 246855 -0.0674792
63.5 246855 -0.0674792
63.6 246855 -0.0673254
63.7 246855 -0.0673254
63.8 246855 -0.0664324
63.9 246855 -0.0649584
64 246855 -0.0649584
64.1 246855 -0.0631164
64.2 246855 -0.0631164
64.3 246855 -0.0611573
64.4 246855 -0.0611573
64.5 246855 -0.0593446
64.6 246855 -0.0579227
64.7 246855 -0.0579227
64.8 246855 -0.0570834
64.9 246855 -0.0570834
65 246855 -0.0569364
65.1 246855 -0.0569364
65.2 246855 -0.0574915
65.3 246855 -0.0574915
65.4 246855 -0.0586555
65.5 246855 -0.0602475
65.6 246855 -0.0602475
65.7 246855 -0.0620293
65.8 246855 -0.0620293
65.9 246855 -0.0637457
66 246855 -0.0637457
66.1 246855 -0.0651663
66.2 246855 -0.0661222
66.3 246855 -0.0661222
66.4 246855 -0.0665308
66.5 246855 -0.0665308
66.6 246855 -0.0664044
66.7 246855 -0.0664044
66.8 246855 -0.065842
66.9 246855 -0.0650069
67 246855 -0.0650069
67.1 246855 -0.064095
67.2 246855 -0.064095
67.3 246855 -0.0633003
67.4 246855 -0.0633003
67.5 246855 -0.062784
67.6 246855 -0.0626515
67.7 246855 -0.0626515
67.8 246855 -0.0629388
67.9 246855 -0.0629388
68 246855 -0.0636091
68.1 246855 -0.0636091
68.2 246855 -0.0645595
68.3 246855 -0.065636
68.4 246855 -0.065636
68.5 246855 -0.066656
68.6 246855 -0.066656
68.7 246855 -0.0674326
68.8 246855 -0.0674326
68.9 246855 -0.0677988
69 246855 -0.0676268
69.1 246855 -0.0676268
69.2 246855 -0.0668403
69.3 246855 -0.0668403
69.4 246855 -0.065419
69.5 246855 -0.065419
69.6 246855 -0.0633967
69.7 246855 -0.0608549
69.8 246855 -0.0608549
69.9 246855 -0.057915
70 246855 -0.057915
70.1 246855 -0.0547327
70.2 246855 -0.0547327
70.3 246855 -0.0514929
70.4 246855 -0.0514929
70.5 246855 -0.0484044
70.6 246855 -0.0456935
70.7 246855 -0.0456935
70.8 246855 -0.0435927
70.9 246855 -0.0435927
71 246855 -0.0423255
71.1 246855 -0.0423255
71.2 246855 -0.0420886
71.3 246855 -0.0430318
71.4 246855 -0.0430318
71.5 246855 -0.0452391
71.6 246855 -0.0452391
71.7 246855 -0.0487134
71.8 246855 -0.0487134
71.9 246855 -0.0533689
72 246855 -0.0590322
72.1 246855 -0.0590322
72.2 246855 -0.0654561
72.3 246855 -0.0654561
72.4 246855 -0.0723464
72.5 246855 -0.0723464
72.6 246855 -0.0793978
72.7 246855 -0.0863314
72.8 246855 -0.0863314
72.9 246855 -0.0929264
73 246855 -0.0929264
73.1 246855 -0.0990379
73.2 246855 -0.0990379
73.3 246853 -0.104598
73.4 246847 -0.109613
73.5 246847 -0.109613
73.6 246841 -0.114146
73.7 246841 -0.114146
73.8 246837 -0.118275
73.9 246837 -0.118275
74 246834 -0.122077
74.1 246833 -0.125616
74.2 246833 -0.125616
74.3 246832 -0.128932
74.4 246832 -0.128932
74.5 246832 -0.132016
74.6 246832 -0.132016
74.7 246832 -0.134817
74.8 246832 -0.137247
74.9 246832 -0.137247
75 246832 -0.139191
75.1 246832 -0.139191
75.2 246832 -0.140523
75.3 246832 -0.140523
75.4 246832 -0.141118
75.5 246832 -0.140856
75.6 246832 -0.140856
75.7 246832 -0.139632
75.8 246832 -0.139632
75.9 246832 -0.137353
76 246832 -0.137353
76.1 246832 -0.133955
76.2 246832 -0.133955
76.3 246832 -0.129401
76.4 246837 -0.123702
76.5 246837 -0.123702
76.6 246845 -0.116902
76.7 246845 -0.116902
76.8 246852 -0.109101
76.9 246852 -0.109101
77 246855 -0.100447
77.1 246855 -0.0911254
77.2 246855 -0.0911254
77.3 246855 -0.0813457
77.4 246855 -0.0813457
77.5 246850 -0.0713351
77.6 246850 -0.0713351
77.7 246843 -0.0613296
77.8 246836 -0.051556
77.9 246836 -0.051556
78 246832 -0.0422204
78.1 246832 -0.0422204
78.2 246832 -0.0334986
78.3 246832 -0.0334986
78.4 246832 -0.0255366
78.5 246832 -0.0184465
78.6 246832 -0.0184465
78.7 246832 -0.0123131
78.8 246832 -0.0123131
78.9 246832 -0.0072014
79 246832 -0.0072014
79.1 246832 -0.00316406
79.2 246832 -0.000243679
79.3 246832 -0.000243679
79.4 246832 0.00153153
79.5 246832 0.00153153
79.6 246832 0.0021575
79.7 246832 0.0021575
79.8 246832 0.00166594
79.9 246832 0.000133367
80 246832 0.000133367
80.1 246832 -0.00231657
80.2 246832 -0.00231657
80.3 246832 -0.00551885
80.4 246832 -0.00551885
80.5 246832 -0.00927877
80.6 246832 -0.0133862
80.7 246832 -0.0133862
80.8 246832 -0.01763
80.9 246832 -0.01763
81 246832 -0.02181
81.1 246832 -0.02181
81.2 246832 -0.0257458
81.3 246832 -0.0292841
81.4 246832 -0.0292841
81.5 246832 -0.0323057
81.6 246832 -0.0323057
81.7 246832 -0.034732
81.8 246832 -0.034732
81.9 246832 -0.0365313
82 246832 -0.0365313
82.1 246832 -0.037721
82.2 246832 -0.0383675
82.3 246832 -0.0383675
82.4 246832 -0.0385795
82.5 246832 -0.0385795
82.6 246832 -0.0384974
82.7 246832 -0.0384974
82.8 246832 -0.0382793
82.9 246832 -0.0380848
83 246832 -0.0380848
83.1 246832 -0.0380598
83.2 246832 -0.0380598
83.3 246832 -0.0383244
83.4 246832 -0.0383244
83.5 246832 -0.0389653
83.6 246832 -0.0400317
83.7 246832 -0.0400317
83.8 246832 -0.0415348
83.9 246832 -0.0415348
84 246832 -0.0434506
84.1 246832 -0.0434506
84.2 246832 -0.0457238
84.3 246832 -0.0482733
84.4 246832 -0.0482733
84.5 246832 -0.0509983
84.6 246832 -0.0509983
84.7 246832 -0.053785
84.8 246832 -0.053785
84.9 246832 -0.056514
85 246832 -0.059069
85.1 246832 -0.059069
85.2 246832 -0.0613479
85.3 246832 -0.0613479
85.4 246832 -0.063275
85.5 246832 -0.063275
85.6 246832 -0.0648103
85.7 246832 -0.0659519
85.8 246832 -0.0659519
85.9 246832 -0.0667285
86 246832 -0.0667285
86.1 246832 -0.0671849
86.2 246832 -0.0671849
86.3 246832 -0.0673619
86.4 246832 -0.0672783
86.5 246832 -0.0672783
86.6 246832 -0.0669182
86.7 246832 -0.0669182
86.8 246832 -0.0662281
86.9 246832 -0.0662281
87 246832 -0.0651258
87.1 246832 -0.0635161
87.2 246832 -0.0635161
87.3 246832 -0.0613114
87.4 246832 -0.0613114
87.5 246832 -0.0584479
87.6 246832 -0.0584479
87.7 246832 -0.0548973
87.8 246832 -0.0548973
87.9 246832 -0.0506699
88 246832 -0.0458145
88.1 246832 -0.0458145
88.2 246832 -0.0404147
88.3 246832 -0.0404147
88.4 246832 -0.0345832
88.5 246832 -0.0345832
88.6 246832 -0.028455
88.7 246832 -0.0221801
88.8 246832 -0.0221801
88.9 246832 -0.0159142
89 246832 -0.0159142
89.1 246832 -0.00980924
89.2 246832 -0.00980924
89.3 246832 -0.00400372
89.4 246832 0.00138421
89.5 246832 0.00138421
89.6 246832 0.00625912
89.7 246832 0.00625912
89.8 246832 0.0105468
89.9 246832 0.0105468
90 246832 0.0141909
90.1 246832 0.0171511
90.2 246832 0.0171511
90.3 246832 0.0194034
90.4 246832 0.0194034
90.5 246832 0.0209425
90.6 246832 0.0209425
90.7 246832 0.0217807
90.8 246832 0.0219443
90.9 246832 0.0219443
91 246832 0.0214668
91.1 246832 0.0214668
91.2 246832 0.0203824
91.3 246832 0.0203824
91.4 246832 0.0187244
91.5 246832 0.0165288
91.6 246832 0.0165288
91.7 246832 0.0138429
91.8 246832 0.0138429
91.9 246832 0.0107333
92 246832 0.0107333
92.1 246832 0.00729042
92.2 246832 0.00362622
92.3 246832 0.00362622
92.4 246832 -0.000133727
92.5 246832 -0.000133727
92.6 246832 -0.00386182
92.7 246832 -0.00386182
92.8 246832 -0.00744064
92.9 246832 -0.00744064
93 246832 -0.0107755
93.1 246832 -0.0138073
93.2 246832 -0.0138073
93.3 246832 -0.0165253
93.4 246832 -0.0165253
93.5 246832 -0.0189765
93.6 246832 -0.0189765
93.7 246832 -0.0212676
93.8 246832 -0.0235556
93.9 246832 -0.0235556
94 246832 -0.026024
94.1 246832 -0.026024
94.2 246832 -0.0288495
94.3 246832 -0.0288495
94.4 246832 -0.0321642
94.5 246832 -0.0360222
94.6 246832 -0.0360222
94.7 246832 -0.0403781
94.8 246832 -0.0403781
94.9 246832 -0.0450838
95 246832 -0.0450838
95.1 246832 -0.0499083
95.2 246832 -0.0545742
95.3 246832 -0.0545742
95.4 246832 -0.058804
95.5 246832 -0.058804
95.6 246832 -0.0623631
95.7 246832 -0.0623631
95.8 246832 -0.0650917
95.9 246832 -0.0669187
96 246832 -0.0669187
96.1 246832 -0.0678599
96.2 246832 -0.0678599
96.3 246832 -0.0680039
96.4 246832 -0.0680039
96.5 246832 -0.0674906
96.6 246832 -0.0664877
96.7 246832 -0.0664877
96.8 246832 -0.0651658
96.9 246832 -0.0651658
97 246832 -0.0636777
97.1 246832 -0.0636777
97.2 246832 -0.0621413
97.3 246832 -0.0606298
97.4 246832 -0.0606298
97.5 246832 -0.0591708
97.6 246832 -0.0591708
97.7 246832 -0.0577524
97.8 246832 -0.0577524
97.9 246832 -0.056336
98 246832 -0.0548709
98.1 246832 -0.0548709
98.2 246832 -0.0533084
98.3 246832 -0.0533084
98.4 246832 -0.0516128
98.5 246832 -0.0516128
98.6 246832 -0.0497657
98.7 246832 -0.0497657
98.8 246832 -0.0477653
98.9 246832 -0.0456225
99 246832 -0.0456225
99.1 246832 -0.0433568
99.2 246832 -0.0433568
99.3 246832 -0.0409924
99.4 246832 -0.0409924
99.5 246832 -0.0385575
99.6 246832 -0.0360835
99.7 246832 -0.0360835
99.8 246832 -0.0336043
99.9 246832 -0.0336043
100 246832 -0.0311542
100.1 246832 -0.0311542
100.2 246832 -0.028763
100.3 246832 -0.0264503
100.4 246832 -0.0264503
100.5 246832 -0.0242195
100.6 246832 -0.0242195
100.7 246832 -0.0220563
100.8 246832 -0.0220563
100.9 246832 -0.0199314
101 246832 -0.0178086
101.1 246832 -0.0178086
101.2 246832 -0.0156564
101.3 246832 -0.0156564
101.4 246832 -0.0134601
101.5 246832 -0.0134601
101.6 246832 -0.0112284
101.7 246832 -0.00899597
101.8 246832 -0.00899597
101.9 246832 -0.00681883
102 246832 -0.00681883
102.1 246832 -0.00476669
102.2 246832 -0.00476669
102.3 246832 -0.00291588
102.4 246832 -0.00134537
102.5 246832 -0.00134537
102.6 246832 -0.00013618
102.7 246832 -0.00013618
102.8 246832 0.000627882
102.9 246832 0.000627882
103 246832 0.000861424
103.1 246832 0.000483062
103.2 246832 0.000483062
103.3 246832 -0.000575126
103.4 246832 -0.000575126
103.5 246832 -0.00235748
103.6 246832 -0.00235748
103.7 246832 -0.00487691
103.8 246832 -0.00811095
103.9 246832 -0.00811095
104 246832 -0.0120011
104.1 246832 -0.0120011
104.2 246832 -0.0164546
104.3 246832 -0.0164546
104.4 246832 -0.0213483
104.5 246832 -0.0213483
104.6 246832 -0.0265358
104.7 246832 -0.0318577
104.8 246832 -0.0318577
104.9 246832 -0.0371537
105 246832 -0.0371537
105.1 246832 -0.0422752
105.2 246832 -0.0422752
105.3 246832 -0.0470943
105.4 246832 -0.0515083
105.5 246832 -0.0515083
105.6 246832 -0.0554403
105.7 246832 -0.0554403
105.8 246832 -0.0588376
105.9 246832 -0.0588376
106 246832 -0.0616715
106.1 246832 -0.0639396
106.2 246832 -0.0639396
106.3 246832 -0.0656685
106.4 246832 -0.0656685
106.5 246832 -0.0669128
106.6 246832 -0.0669128
106.7 246832 -0.0677488
106.8 246832 -0.0682636
106.9 246832 -0.0682636
107 246837 -0.0685428
107.1 246837 -0.0685428
107.2 246844 -0.0686534
107.3 246844 -0.0686534
107.4 246850 -0.0686421
107.5 246855 -0.0685304
107.6 246855 -0.0685304
107.7 246855 -0.0683181
107.8 246855 -0.0683181
107.9 246855 -0.0679888
108 246855 -0.0679888
108.1 246855 -0.0675233
108.2 246854 -0.0669076
108.3 246854 -0.0669076
108.4 246847 -0.0661407
108.5 246847 -0.0661407
108.6 246840 -0.0652404
108.7 246840 -0.0652404
108.8 246833 -0.0642391
108.9 246832 -0.0631779
109 246832 -0.0631779
109.1 246832 -0.0621028
109.2 246832 -0.0621028
109.3 246832 -0.0610543
109.4 246832 -0.0610543
109.5 246832 -0.060059
109.6 246832 -0.0591235
109.7 246832 -0.0591235
109.8 246832 -0.0582338
109.9 246832 -0.0582338
110 246832 -0.0573583
110.1 246832 -0.0573583
110.2 246832 -0.0564563
110.3 246832 -0.0564563
110.4 246832 -0.0554895
110.5 246832 -0.0544352
110.6 246832 -0.0544352
110.7 246832 -0.0532969
110.8 246832 -0.0532969
110.9 246832 -0.0521098
111 246832 -0.0521098
111.1 246832 -0.0509373
111.2 246832 -0.0498594
111.3 246832 -0.0498594
111.4 246832 -0.0489555
111.5 246832 -0.0489555
111.6 246832 -0.0482845
111.7 246832 -0.0482845
111.8 246832 -0.0478707
111.9 246832 -0.0476983
112 246832 -0.0476983
112.1 246832 -0.0477164
112.2 246832 -0.0477164
112.3 246832 -0.0478535
112.4 246832 -0.0478535
112.5 246832 -0.0480335
112.6 246832 -0.0481906
112.7 246832 -0.0481906
112.8 246832 -0.0482771
112.9 246832 -0.0482771
113 246832 -0.0482646
113.1 246832 -0.0482646
113.2 246832 -0.04814
113.3 246832 -0.0478965
113.4 246832 -0.0478965
113.5 246832 -0.0475251
113.6 246832 -0.0475251
113.7 246832 -0.0470091
113.8 246832 -0.0470091
113.9 246832 -0.0463255
114 246832 -0.0454534
114.1 246832 -0.0454534
114.2 246832 -0.0443892
114.3 246832 -0.0443892
114.4 246832 -0.0431657
114.5 246832 -0.0431657
114.6 246832 -0.0418659
114.7 246832 -0.0406253
114.8 246832 -0.0406253
114.9 246832 -0.0396176
115 246832 -0.0396176
115.1 246832 -0.0390221
115.2 246832 -0.0390221
115.3 246832 -0.0389848
115.4 246832 -0.0389848
115.5 246832 -0.0395821
115.6 246832 -0.0407999
115.7 246832 -0.0407999
115.8 246832 -0.0425334
115.9 246832 -0.0425334
116 246832 -0.0446062
116.1 246832 -0.0446062
116.2 246832 -0.0468025
116.3 246832 -0.0489036
116.4 246832 -0.0489036
116.5 246832 -0.0507217
116.6 246832 -0.0507217
116.7 246832 -0.0521258
116.8 246832 -0.0521258
116.9 246832 -0.0530557
117 246832 -0.0535232
117.1 246832 -0.0535232
117.2 246832 -0.0536011
117.3 246832 -0.0536011
117.4 246832 -0.0534025
117.5 246832 -0.0534025
117.6 246832 -0.0530547
117.7 246832 -0.0526742
117.8 246832 -0.0526742
117.9 246832 -0.0523459
118 246832 -0.0523459
118.1 246832 -0.0521098
118.2 246832 -0.0521098
118.3 246832 -0.0519585
118.4 246832 -0.0518443
118.5 246832 -0.0518443
118.6 246832 -0.0516942
118.7 246832 -0.0516942
118.8 246832 -0.0514291
118.9 246832 -0.0514291
119 246832 -0.0509804
119.1 246832 -0.0503012
119.2 246832 -0.0503012
119.3 246832 -0.0493677
119.4 246832 -0.0493677
119.5 246832 -0.0481715
119.6 246832 -0.0481715
119.7 246832 -0.0467076
119.8 246832 -0.0449649
119.9 246832 -0.0449649
120 246832 -0.0429243
120.1 246832 -0.0429243
120.2 246832 -0.0405681
120.3 246832 -0.0405681
120.4 246832 -0.0378951
120.5 246832 -0.0349376
120.6 246832 -0.0349376
120.7 246832 -0.0317726
120.8 246832 -0.0317726
120.9 246832 -0.0285238
121 246832 -0.0285238
121.1 246832 -0.0253525
121.2 246832 -0.0253525
121.3 246832 -0.0224369
121.4 246832 -0.0199433
121.5 246832 -0.0199433
121.6 246832 -0.0179978
121.7 246832 -0.0179978
121.8 246832 -0.0166648
121.9 246832 -0.0166648
122 246832 -0.0159378
122.1 246832 -0.0157436
122.2 246832 -0.0157436
122.3 246832 -0.0159564
122.4 246832 -0.0159564
122.5 246832 -0.0164179
122.6 246832 -0.0164179
122.7 246832 -0.0169584
122.8 246832 -0.0174167
122.9 246832 -0.0174167
123 246832 -0.0176581
123.1 246832 -0.0176581
123.2 246832 -0.0175881
123.3 246832 -0.0175881
123.4 246832 -0.017163
123.5 246832 -0.0163948
123.6 246832 -0.0163948
123.7 246832 -0.0153529
123.8 246832 -0.0153529
123.9 246832 -0.0141575
124 246832 -0.0141575
124.1 246832 -0.0129683
124.2 246832 -0.011965
124.3 246832 -0.011965
124.4 246832 -0.011324
124.5 246832 -0.011324
124.6 246832 -0.0111938
124.7 246832 -0.0111938
124.8 246832 -0.0116752
124.9 246832 -0.0128098
125 246832 -0.0128098
125.1 246832 -0.0145782
125.2 246832 -0.0145782
125.3 246832 -0.0169067
125.4 246832 -0.0169067
125.5 246832 -0.0196809
125.6 246832 -0.0227622
125.7 246832 -0.0227622
125.8 246832 -0.0260053
125.9 246832 -0.0260053
126 246832 -0.0292729
126.1 246832 -0.0292729
126.2 246832 -0.0324466
126.3 246832 -0.0354333
126.4 246832 -0.0354333
126.5 246832 -0.038167
126.6 246832 -0.038167
126.7 246832 -0.0406052
126.8 246832 -0.0406052
126.9 246832 -0.042722
127 246832 -0.042722
127.1 246832 -0.0444993
127.2 246832 -0.0459209
127.3 246832 -0.0459209
127.4 246832 -0.0469697
127.5 246832 -0.0469697
127.6 246832 -0.0476316
127.7 246832 -0.0476316
127.8 246832 -0.0479047
127.9 246832 -0.0478093
128 246832 -0.0478093
128.1 246832 -0.0473939
128.2 246832 -0.0473939
128.3 246832 -0.046737
128.4 246832 -0.046737
128.5 246832 -0.0459425
128.6 246832 -0.0451295
128.7 246832 -0.0451295
128.8 246832 -0.0444186
128.9 246832 -0.0444186
129 246832 -0.0439175
129.1 246832 -0.0439175
129.2 246832 -0.0437084
129.3 246832 -0.043837
129.4 246832 -0.043837
129.5 246832 -0.0443058
129.6 246832 -0.0443058
129.7 246832 -0.045071
129.8 246832 -0.045071
129.9 246832 -0.0460444
130 246832 -0.0471002
130.1 246832 -0.0471002
130.2 246832 -0.0480852
130.3 246832 -0.0480852
130.4 246832 -0.0488332
130.5 246832 -0.0488332
130.6 246832 -0.0491807
130.7 246832 -0.0489855
130.8 246832 -0.0489855
130.9 246832 -0.0481459
131 246832 -0.0481459
131.1 246832 -0.0466181
131.2 246832 -0.0466181
131.3 246832 -0.0444277
131.4 246832 -0.0416729
131.5 246832 -0.0416729
131.6 246832 -0.0385185
131.7 246832 -0.0385185
131.8 246832 -0.0351806
131.9 246832 -0.0351806
132 246832 -0.0319026
132.1 246832 -0.028924
132.2 246832 -0.028924
132.3 246832 -0.0264456
132.4 246832 -0.0264456
132.5 246832 -0.0245988
132.6 246832 -0.0245988
132.7 246832 -0.0234243
132.8 246832 -0.0234243
132.9 246832 -0.0228651
133 246832 -0.0227789
133.1 246832 -0.0227789
133.2 246832 -0.0229661
133.3 246832 -0.0229661
133.4 246832 -0.0232103
133.5 246832 -0.0232103
133.6 246832 -0.0233242
133.7 246832 -0.0231906
133.8 246832 -0.0231906
133.9 246832 -0.0227924
134 246832 -0.0227924
134.1 246832 -0.0222221
134.2 246832 -0.0222221
134.3 246832 -0.0216695
134.4 246832 -0.0213855
134.5 246832 -0.0213855
134.6 246832 -0.0216316
134.7 246832 -0.0216316
134.8 246832 -0.0226196
134.9 246832 -0.0226196
135 246832 -0.024458
135.1 246832 -0.0271172
135.2 246832 -0.0271172
135.3 246832 -0.0304217
135.4 246832 -0.0304217
135.5 246832 -0.0340742
135.6 246832 -0.0340742
135.7 246832 -0.0377048
135.8 246832 -0.0409359
135.9 246832 -0.0409359
136 246832 -0.0434466
136.1 246832 -0.0434466
136.2 246832 -0.0450239
136.3 246832 -0.0450239
136.4 246832 -0.0455935
136.5 246832 -0.0452271
136.6 246832 -0.0452271
136.7 246832 -0.0441284
136.8 246832 -0.0441284
136.9 246832 -0.0426006
137 246832 -0.0426006
137.1 246832 -0.0409995
137.2 246832 -0.0396778
137.3 246832 -0.0396778
137.4 246832 -0.0389308
137.5 246832 -0.0389308
137.6 246832 -0.0389553
137.7 246832 -0.0389553
137.8 246832 -0.0398282
137.9 246832 -0.0398282
138 246832 -0.0415118
138.1 246832 -0.0438801
138.2 246832 -0.0438801
138.3 246832 -0.046759
138.4 246832 -0.046759
138.5 246832 -0.0499668
138.6 246832 -0.0499668
138.7 246832 -0.0533465
138.8 246832 -0.0567823
138.9 246832 -0.0567823
139 246832 -0.0602
139.1 246832 -0.0602
139.2 246832 -0.0635558
139.3 246832 -0.0635558
139.4 246832 -0.0668202
139.5 246832 -0.0699641
139.6 246832 -0.0699641
139.7 246832 -0.0729505
139.8 246832 -0.0729505
139.9 246832 -0.0757327
140 246832 -0.0757327
140.1 246832 -0.0782569
140.2 246832 -0.0804665
140.3 246832 -0.0804665
140.4 246832 -0.0823066
140.5 246832 -0.0823066
140.6 246832 -0.0837257
140.7 246832 -0.0837257
140.8 246832 -0.0846762
140.9 246832 -0.0851145
141 246832 -0.0851145
141.1 246832 -0.0850062
141.2 246832 -0.0850062
141.3 246832 -0.084336
141.4 246832 -0.084336
141.5 246832 -0.083121
141.6 246832 -0.0814233
141.7 246832 -0.0814233
141.8 246832 -0.0793607
141.9 246832 -0.0793607
142 246832 -0.0771107
142.1 246832 -0.0771107
142.2 246832 -0.074903
142.3 246832 -0.0730013
142.4 246832 -0.0730013
142.5 246832 -0.0716752
142.6 246832 -0.0716752
142.7 246832 -0.0711652
142.8 246832 -0.0711652
142.9 246832 -0.0716484
143 246832 -0.0732087
143.1 246832 -0.0732087
143.2 246832 -0.0758185
143.3 246832 -0.0758185
143.4 246832 -0.0793328
143.5 246832 -0.0793328
143.6 246832 -0.0834998
143.7 246832 -0.0834998
143.8 246832 -0.0879859
143.9 246832 -0.0924104
144 246832 -0.0924104
144.1 246832 -0.0963869
144.2 246832 -0.0963869
144.3 246832 -0.0995634
144.4 246832 -0.0995634
144.5 246832 -0.101657
144.6 246832 -0.102481
144.7 246832 -0.102481
144.8 246832 -0.10195
144.9 246832 -0.10195
145 246832 -0.100085
145.1 246832 -0.100085
145.2 246832 -0.0969956
145.3 246832 -0.0928627
145.4 246832 -0.0928627
145.5 246832 -0.0879151
145.6 246832 -0.0879151
145.7 246832 -0.0824073
145.8 246832 -0.0824073
145.9 246832 -0.0765995
146 246832 -0.0707416
146.1 246832 -0.0707416
146.2 246832 -0.0650632
146.3 246832 -0.0650632
146.4 246832 -0.0597643
146.5 246832 -0.0597643
146.6 246832 -0.0550082
146.7 246832 -0.0509143
146.8 246832 -0.0509143
146.9 246832 -0.0475546
147 246832 -0.0475546
147.1 246832 -0.0449532
147.2 246832 -0.0449532
147.3 246832 -0.0430907
147.4 246832 -0.0419111
147.5 246832 -0.0419111
147.6 246832 -0.0413309
147.7 246832 -0.0413309
147.8 246832 -0.0412462
147.9 246832 -0.0412462
148 246832 -0.0415398
148.1 246832 -0.0420867
148.2 246832 -0.0420867
148.3 246832 -0.0427583
148.4 246832 -0.0427583
148.5 246832 -0.0434266
148.6 246832 -0.0434266
148.7 246832 -0.0439691
148.8 246832 -0.0442759
148.9 246832 -0.0442759
149 246832 -0.0442581
149.1 246832 -0.0442581
149.2 246832 -0.0438561
149.3 246832 -0.0438561
149.4 246832 -0.0430478
149.5 246832 -0.0430478
149.6 246832 -0.041856
149.7 246832 -0.0403522
149.8 246832 -0.0403522
149.9 246832 -0.0386561
150 246832 -0.0386561
150.1 246832 -0.036923
150.2 246832 -0.036923
150.3 246832 -0.0353215
150.4 246832 -0.0340046
150.5 246832 -0.0340046
150.6 246832 -0.0330817
150.7 246832 -0.0330817
150.8 246832 -0.0325996
150.9 246832 -0.0325996
151 246832 -0.0325385
151.1 246832 -0.0328201
151.2 246832 -0.0328201
151.3 246832 -0.0333269
151.4 246832 -0.0333269
151.5 246832 -0.0339243
151.6 246832 -0.0339243
151.7 246832 -0.0344813
151.8 246832 -0.0348854
151.9 246832 -0.0348854
152 246832 -0.0350517
152.1 246832 -0.0350517
152.2 246832 -0.0349279
152.3 246832 -0.0349279
152.4 246832 -0.0344984
152.5 246832 -0.033788
152.6 246832 -0.033788
152.7 246832 -0.0328631
152.8 246832 -0.0328631
152.9 246832 -0.0318287
153 246832 -0.0318287
153.1 246832 -0.0308185
153.2 246832 -0.0299779
153.3 246832 -0.0299779
153.4 246832 -0.0294428
153.5 246832 -0.0294428
153.6 246832 -0.0293159
153.7 246832 -0.0293159
153.8 246832 -0.0296473
153.9 246832 -0.0304215
154 246832 -0.0304215
154.1 246832 -0.0315548
154.2 246832 -0.0315548
154.3 246832 -0.0329023
154.4 246832 -0.0329023
154.5 246832 -0.0342735
154.6 246832 -0.035453
154.7 246832 -0.035453
154.8 246832 -0.0362226
154.9 246832 -0.0362226
155 246832 -0.0363839
155.1 246832 -0.0363839
155.2 246832 -0.0357813
155.3 246832 -0.0357813
155.4 246832 -0.0343253
155.5 246832 -0.03201
155.6 246832 -0.03201
155.7 246832 -0.0289198
155.8 246832 -0.0289198
155.9 246832 -0.0252232
156 246832 -0.0252232
156.1 246832 -0.0211532
156.2 246832 -0.0169762
156.3 246832 -0.0169762
156.4 246832 -0.0129567
156.5 246832 -0.0129567
156.6 246832 -0.00932346
156.7 246832 -0.00932346
156.8 246832 -0.00624268
156.9 246832 -0.00380438
157 246832 -0.00380438
157.1 246832 -0.002021
157.2 246832 -0.002021
157.3 246832 -0.000835159
157.4 246832 -0.000835159
157.5 246832 -0.000135104
157.6 246832 0.000224194
157.7 246832 0.000224194
157.8 246832 0.000398196
157.9 246832 0.000398196
158 246832 0.000530685
158.1 246832 0.000530685
158.2 246832 0.000735768
158.3 246832 0.00108808
158.4 246832 0.00108808
158.5 246832 0.00162217
158.6 246832 0.00162217
158.7 246832 0.00233931
158.8 246832 0.00233931
158.9 246832 0.00321824
159 246832 0.00422781
159.1 246832 0.00422781
159.2 246833 0.0053424
159.3 246833 0.0053424
159.4 246840 0.00656055
159.5 246840 0.00656055
159.6 246850 0.00788474
159.7 246860 0.00935102
159.8 246860 0.00935102
159.9 246868 0.0110261
160 246868 0.0110261
160.1 246867 0.0129906
160.2 246867 0.0129906
160.3 246862 0.015334
160.4 246862 0.015334
160.5 246855 0.0181139
160.6 246846 0.0213371
160.7 246846 0.0213371
160.8 246838 0.0249548
160.9 246838 0.0249548
161 246833 0.028838
161.1 246833 0.028838
161.2 246832 0.0327828
161.3 246832 0.036526
161.4 246832 0.036526
161.5 246832 0.0397838
161.6 246832 0.0397838
161.7 246832 0.0422913
161.8 246832 0.0422913
161.9 246832 0.0438427
162 246832 0.0443243
162.1 246832 0.0443243
162.2 246832 0.043735
162.3 246832 0.043735
162.4 246832 0.0421865
162.5 246832 0.0421865
162.6 246832 0.0398863
162.7 246832 0.0371089
162.8 246832 0.0371089
162.9 246832 0.0341599
163 246832 0.0341599
163.1 246832 0.0313413
163.2 246832 0.0313413
163.3 246832 0.0289188
163.4 246832 0.0270966
163.5 246832 0.0270966
163.6 246832 0.026001
163.7 246832 0.026001
163.8 246832 0.0256753
163.9 246832 0.0256753
164 246832 0.0260827
164.1 246832 0.0271184
164.2 246832 0.0271184
164.3 246832 0.0286265
164.4 246832 0.0286265
164.5 246832 0.0304218
164.6 246832 0.0304218
164.7 246832 0.0323119
164.8 246832 0.0341174
164.9 246832 0.0341174
165 246832 0.0356824
165.1 246832 0.0356824
165.2 246836 0.0369431
165.3 246836 0.0369431
165.4 246843 0.0377729
165.5 246853 0.0380799
165.6 246853 0.0380799
165.7 246862 0.0377457
165.8 246862 0.0377457
165.9 246873 0.0367719
166 246873 0.0367719
166.1 246890 0.0351854
166.2 246890 0.0351854
166.3 246910 0.0330208
166.4 246929 0.0303352
166.5 246929 0.0303352
166.6 246946 0.0272283
166.7 246946 0.0272283
166.8 246960 0.0238209
166.9 246960 0.0238209
167 246970 0.0202194
167.1 246975 0.0165253
167.2 246975 0.0165253
167.3 246975 0.0128211
167.4 246975 0.0128211
167.5 246974 0.00919486
167.6 246974 0.00919486
167.7 246975 0.00573443
167.8 246975 0.00240123
167.9 246975 0.00240123
168 246975 -0.000780778
168.1 246975 -0.000780778
168.2 246975 -0.0038034
168.3 246975 -0.0038034
168.4 246975 -0.0066497
168.5 246975 -0.00929133
168.6 246975 -0.00929133
168.7 246975 -0.0116894
168.8 246975 -0.0116894
168.9 246975 -0.0137953
169 246975 -0.0137953
169.1 246975 -0.015551
169.2 246975 -0.0168915
169.3 246975 -0.0168915
169.4 246975 -0.0177517
169.5 246975 -0.0177517
169.6 246975 -0.0180755
169.7 246975 -0.0180755
169.8 246975 -0.0178292
169.9 246981 -0.016977
170 246981 -0.016977
170.1 246991 -0.0155843
170.2 246991 -0.0155843
170.3 247001 -0.0137778
170.4 247001 -0.0137778
170.5 247009 -0.011712
170.6 247012 -0.00957844
170.7 247012 -0.00957844
170.8 247012 -0.00756749
170.9 247012 -0.00756749
171 247012 -0.00586369
171.1 247012 -0.00586369
171.2 247012 -0.00463006
171.3 247012 -0.00397231
171.4 247012 -0.00397231
171.5 247013 -0.00391736
171.6 247013 -0.00391736
171.7 247020 -0.0043906
171.8 247020 -0.0043906
171.9 247028 -0.0052922
172 247028 -0.0052922
172.1 247038 -0.00643222
172.2 247046 -0.00760959
172.3 247046 -0.00760959
172.4 247049 -0.00860986
172.5 247049 -0.00860986
172.6 247049 -0.00921645
172.7 247049 -0.00921645
172.8 247049 -0.00924187
172.9 247049 -0.00856055
173 247049 -0.00856055
173.1 247049 -0.00710398
173.2 247049 -0.00710398
173.3 247049 -0.00486218
173.4 247049 -0.00486218
173.5 247049 -0.00188018
173.6 247051 0.00173495
173.7 247051 0.00173495
173.8 247061 0.00581301
173.9 247061 0.00581301
174 247074 0.0102004
174.1 247074 0.0102004
174.2 247088 0.0146877
174.3 247104 0.0190313
174.4 247104 0.0190313
174.5 247119 0.0229919
174.6 247119 0.0229919
174.7 247128 0.0263356
174.8 247128 0.0263356
174.9 247127 0.0288746
175 247117 0.0304827
175.1 247117 0.0304827
175.2 247105 0.0311894
175.3 247105 0.0311894
175.4 247093 0.0310877
175.5 247093 0.0310877
175.6 247082 0.030375
175.7 247070 0.0292995
175.8 247070 0.0292995
175.9 247059 0.028136
176 247059 0.028136
176.1 247051 0.0271407
176.2 247051 0.0271407
176.3 247049 0.0265167
176.4 247049 0.0263391
176.5 247049 0.0263391
176.6 247050 0.0265769
176.7 247050 0.0265769
176.8 247056 0.0271061
176.9 247056 0.0271061
177 247063 0.027731
177.1 247071 0.0282153
177.2 247071 0.0282153
177.3 247078 0.0283329
177.4 247078 0.0283329
177.5 247083 0.0278797
177.6 247083 0.0278797
177.7 247087 0.026725
177.8 247087 0.026725
177.9 247092 0.024787
178 247098 0.0220881
178.1 247098 0.0220881
178.2 247106 0.0187093
178.3 247106 0.0187093
178.4 247114 0.0148042
178.5 247114 0.0148042
178.6 247124 0.0105351
178.7 247134 0.00607143
178.8 247134 0.00607143
178.9 247145 0.00154755
179 247145 0.00154755
179.1 247156 -0.00292137
179.2 247156 -0.00292137
179.3 247166 -0.00727179
179.4 247175 -0.0114455
179.5 247175 -0.0114455
179.6 247182 -0.0154228
179.7 247182 -0.0154228
179.8 247186 -0.0192318
179.9 247186 -0.0192318
180 247188 -0.0228886
180.1 247186 -0.0264559
180.2 247186 -0.0264559
180.3 247182 -0.0299275
180.4 247182 -0.0299275
180.5 247175 -0.0333369
180.6 247175 -0.0333369
180.7 247166 -0.0366659
180.8 247156 -0.0398853
180.9 247156 -0.0398853
181 247145 -0.0429584
181.1 247145 -0.0429584
181.2 247134 -0.0458095
181.3 247134 -0.0458095
181.4 247124 -0.0483437
181.5 247114 -0.0504631
181.6 247114 -0.0504631
181.7 247106 -0.0520455
181.8 247106 -0.0520455
181.9 247098 -0.0530108
182 247098 -0.0530108
182.1 247092 -0.0532856
182.2 247087 -0.0528724
182.3 247087 -0.0528724
182.4 247083 -0.0518231
182.5 247083 -0.0518231
182.6 247078 -0.050276
182.7 247078 -0.050276
182.8 247071 -0.0484043
182.9 247071 -0.0484043
183 247063 -0.0463833
183.1 247056 -0.0443639
183.2 247056 -0.0443639
183.3 247050 -0.0424699
183.4 247050 -0.0424699
183.5 247049 -0.040733
183.6 247049 -0.040733
183.7 247049 -0.039219
183.8 247051 -0.0378842
183.9 247051 -0.0378842
184 247059 -0.0366297
184.1 247059 -0.0366297
184.2 247070 -0.0353566
184.3 247070 -0.0353566
184.4 247082 -0.0339541
184.5 247093 -0.0323263
184.6 247093 -0.0323263
184.7 247105 -0.0304044
184.8 247105 -0.0304044
184.9 247117 -0.0281546
185 247117 -0.0281546
185.1 247127 -0.0255892
185.2 247128 -0.0227714
185.3 247128 -0.0227714
185.4 247119 -0.0197745
185.5 247119 -0.0197745
185.6 247104 -0.0166974
185.7 247104 -0.0166974
185.8 247088 -0.0136946
185.9 247074 -0.0109429
186 247074 -0.0109429
186.1 247061 -0.00861476
186.2 247061 -0.00861476
186.3 247051 -0.00688145
186.4 247051 -0.00688145
186.5 247049 -0.0058915
186.6 247049 -0.00576571
186.7 247049 -0.00576571
186.8 247049 -0.00658786
186.9 247049 -0.00658786
187 247049 -0.00839879
187.1 247049 -0.00839879
187.2 247049 -0.011193
187.3 247049 -0.0149194
187.4 247049 -0.0149194
187.5 247049 -0.0194868
187.6 247049 -0.0194868
187.7 247046 -0.0247942
187.8 247046 -0.0247942
187.9 247038 -0.0307097
188 247028 -0.0370661
188.1 247028 -0.0370661
188.2 247020 -0.0437078
188.3 247020 -0.0437078
188.4 247013 -0.0505277
188.5 247013 -0.0505277
188.6 247012 -0.0574078
188.7 247012 -0.0574078
188.8 247012 -0.0642912
188.9 247012 -0.0711068
189 247012 -0.0711068
189.1 247012 -0.0777699
189.2 247012 -0.0777699
189.3 247012 -0.0841781
189.4 247012 -0.0841781
189.5 247009 -0.0901904
189.6 247001 -0.0956611
189.7 247001 -0.0956611
189.8 246991 -0.100463
189.9 246991 -0.100463
190 246981 -0.104497
190.1 246981 -0.104497
190.2 246975 -0.107707
190.3 246975 -0.110089
190.4 246975 -0.110089
190.5 246975 -0.11167
190.6 246975 -0.11167
190.7 246975 -0.112543
190.8 246975 -0.112543
190.9 246975 -0.112826
191 246975 -0.112635
191.1 246975 -0.112635
191.2 246975 -0.112071
191.3 246975 -0.112071
191.4 246975 -0.111206
191.5 246975 -0.111206
191.6 246975 -0.110092
191.7 246975 -0.108768
191.8 246975 -0.108768
191.9 246975 -0.107267
192 246975 -0.107267
192.1 246975 -0.105617
192.2 246975 -0.105617
192.3 246975 -0.103839
192.4 246974 -0.101954
192.5 246974 -0.101954
192.6 246975 -0.0999239
192.7 246975 -0.0999239
192.8 246975 -0.0977478
192.9 246975 -0.0977478
193 246970 -0.0954539
193.1 246960 -0.0929488
193.2 246960 -0.0929488
193.3 246946 -0.0901105
193.4 246946 -0.0901105
193.5 246929 -0.0869075
193.6 246929 -0.0869075
193.7 246910 -0.0832798
193.8 246890 -0.0792605
193.9 246890 -0.0792605
194 246873 -0.0748448
194.1 246873 -0.0748448
194.2 246862 -0.0699901
194.3 246862 -0.0699901
194.4 246853 -0.0647865
194.5 246853 -0.0647865
194.6 246843 -0.0593796
194.7 246836 -0.053796
194.8 246836 -0.053796
194.9 246832 -0.0481747
195 246832 -0.0481747
195.1 246832 -0.0426614
195.2 246832 -0.0426614
195.3 246832 -0.0374978
195.4 246832 -0.032816
195.5 246832 -0.032816
195.6 246832 -0.0287149
195.7 246832 -0.0287149
195.8 246832 -0.0252518
195.9 246832 -0.0252518
196 246832 -0.0224404
196.1 246832 -0.0202535
196.2 246832 -0.0202535
196.3 246832 -0.018631
196.4 246832 -0.018631
196.5 246832 -0.0174847
196.6 246832 -0.0174847
196.7 246832 -0.0167021
196.8 246832 -0.0161485
196.9 246832 -0.0161485
197 246832 -0.015668
197.1 246832 -0.015668
197.2 246832 -0.0150892
197.3 246832 -0.0150892
197.4 246832 -0.0142336
197.5 246832 -0.0129298
197.6 246832 -0.0129298
197.7 246832 -0.0110352
197.8 246832 -0.0110352
197.9 246832 -0.00845903
198 246832 -0.00845903
198.1 246832 -0.00518123
198.2 246832 -0.00126515
198.3 246832 -0.00126515
198.4 246832 0.00313883
198.5 246832 0.00313883
198.6 246832 0.00780086
198.7 246832 0.00780086
198.8 246832 0.0124296
198.9 246833 0.0167049
199 246833 0.0167049
199.1 246838 0.0203161
199.2 246838 0.0203161
199.3 246846 0.0229717
199.4 246846 0.0229717
199.5 246855 0.0244514
199.6 246862 0.0246356
199.7 246862 0.0246356
199.8 246867 0.0235363
199.9 246867 0.0235363
200 246868 0.0212788
200.1 246868 0.0212788
200.2 246860 0.0180776
200.3 246860 0.0180776
200.4 246850 0.0142903
200.5 246840 0.0103022
200.6 246840 0.0103022
200.7 246833 0.00650495
200.8 246833 0.00650495
200.9 246832 0.00325686
201 246832 0.00325686
201.1 246832 0.000819344
201.2 246832 -0.000630677
201.3 246832 -0.000630677
201.4 246832 -0.00102517
201.5 246832 -0.00102517
201.6 246832 -0.000407557
201.7 246832 -0.000407557
201.8 246832 0.00108117
201.9 246832 0.00322893
202 246832 0.00322893
202.1 246832 0.00578696
202.2 246832 0.00578696
202.3 246832 0.00850529
202.4 246832 0.00850529
202.5 246832 0.0111623
202.6 246832 0.013585
202.7 246832 0.013585
202.8 246832 0.0156574
202.9 246832 0.0156574
203 246832 0.0173194
203.1 246832 0.0173194
203.2 246832 0.0185592
203.3 246832 0.0193998
203.4 246832 0.0193998
203.5 246832 0.0198848
203.6 246832 0.0198848
203.7 246832 0.0200656
203.8 246832 0.0200656
203.9 246832 0.0199911
204 246832 0.0197033
204.1 246832 0.0197033
204.2 246832 0.0192381
204.3 246832 0.0192381
204.4 246832 0.0186304
204.5 246832 0.0186304
204.6 246832 0.0179168
204.7 246832 0.0171342
204.8 246832 0.0171342
204.9 246832 0.016315
205 246832 0.016315
205.1 246832 0.0154808
205.2 246832 0.0154808
205.3 246832 0.0146391
205.4 246832 0.0146391
205.5 246832 0.0137819
205.6 246832 0.0128881
205.7 246832 0.0128881
205.8 246832 0.0119304
205.9 246832 0.0119304
206 246832 0.0108853
206.1 246832 0.0108853
206.2 246832 0.0097445
206.3 246832 0.00852565
206.4 246832 0.00852565
206.5 246832 0.00727899
206.6 246832 0.00727899
206.7 246832 0.00608473
206.8 246832 0.00608473
206.9 246832 0.00503872
207 246832 0.00423038
207.1 246832 0.00423038
207.2 246832 0.0037198
207.3 246832 0.0037198
207.4 246832 0.0035215
207.5 246832 0.0035215
207.6 246832 0.00360168
207.7 246832 0.00388997
207.8 246832 0.00388997
207.9 246832 0.00430095
208 246832 0.00430095
208.1 246832 0.00475889
208.2 246832 0.00475889
208.3 246832 0.00521782
208.4 246832 0.00567007
208.5 246832 0.00567007
208.6 246832 0.00614354
208.7 246832 0.00614354
208.8 246832 0.00669047
208.9 246832 0.00669047
209 246832 0.00737133
209.1 246832 0.008238
209.2 246832 0.008238
209.3 246832 0.00932059
209.4 246832 0.00932059
209.5 246832 0.0106192
209.6 246832 0.0106192
209.7 246832 0.0121012
209.8 246832 0.0137031
209.9 246832 0.0137031
210 246832 0.0153372
210.1 246832 0.0153372
210.2 246832 0.016901
210.3 246832 0.016901
210.4 246832 0.0182905
210.5 246832 0.0194126
210.6 246832 0.0194126
210.7 246832 0.0201973
210.8 246832 0.0201973
210.9 246832 0.0206092
211 246832 0.0206092
211.1 246832 0.0206557
211.2 246832 0.0206557
211.3 246832 0.0203889
211.4 246832 0.0199008
211.5 246832 0.0199008
211.6 246832 0.0193132
211.7 246832 0.0193132
211.8 246832 0.0187623
211.9 246832 0.0187623
212 246832 0.0183811
212.1 246832 0.0182814
212.2 246832 0.0182814
212.3 246832 0.0185381
212.4 246832 0.0185381
212.5 246832 0.0191801
212.6 246832 0.0191801
212.7 246832 0.0201879
212.8 246832 0.0214984
212.9 246832 0.0214984
213 246832 0.0230184
213.1 246832 0.0230184
213.2 246832 0.0246416
213.3 246832 0.0246416
213.4 246832 0.0262668
213.5 246832 0.0278136
213.6 246832 0.0278136
213.7 246832 0.0292295
213.8 246832 0.0292295
213.9 246832 0.0304904
214 246832 0.0304904
214.1 246832 0.031593
214.2 246832 0.0325452
214.3 246832 0.0325452
214.4 246832 0.0333567
214.5 246832 0.0333567
214.6 246832 0.0340343
214.7 246832 0.0340343
214.8 246832 0.0345808
214.9 246832 0.0349986
215 246832 0.0349986
215.1 246832 0.0352963
215.2 246832 0.0352963
215.3 246832 0.0354927
215.4 246832 0.0354927
215.5 246832 0.0356192
215.6 246832 0.0357184
215.7 246832 0.0357184
215.8 246832 0.0358376
215.9 246832 0.0358376
216 246832 0.0360203
216.1 246832 0.0360203
216.2 246832 0.0362942
216.3 246832 0.0366617
216.4 246832 0.0366617
216.5 246832 0.0370943
216.6 246832 0.0370943
216.7 246832 0.0375343
216.8 246832 0.0375343
216.9 246832 0.0379016
217 246832 0.0379016
217.1 246832 0.0381026
217.2 246832 0.0380392
217.3 246832 0.0380392
217.4 246832 0.0376171
217.5 246832 0.0376171
217.6 246832 0.0367536
217.7 246832 0.0367536
217.8 246832 0.0353849
217.9 246832 0.0334741
218 246832 0.0334741
218.1 246832 0.0310191
218.2 246832 0.0310191
218.3 246832 0.0280587
218.4 246832 0.0280587
218.5 246832 0.0246725
218.6 246832 0.0209753
218.7 246832 0.0209753
218.8 246832 0.0171039
218.9 246832 0.0171039
219 246832 0.0132031
219.1 246832 0.0132031
219.2 246832 0.00941
219.3 246832 0.00584182
219.4 246832 0.00584182
219.5 246832 0.00258385
219.6 246832 0.00258385
219.7 246832 -0.000321
219.8 246832 -0.000321
219.9 246832 -0.00288086
220 246832 -0.00515842
220.1 246832 -0.00515842
220.2 246832 -0.00726534
220.3 246832 -0.00726534
220.4 246832 -0.00934647
220.5 246832 -0.00934647
220.6 246832 -0.0115541
220.7 246832 -0.0140165
220.8 246832 -0.0140165
220.9 246832 -0.0168088
221 246832 -0.0168088
221.1 246832 -0.0199332
221.2 246832 -0.0199332
221.3 246832 -0.0233128
221.4 246832 -0.0268002
221.5 246832 -0.0268002
221.6 246832 -0.0301991
221.7 246832 -0.0301991
221.8 246832 -0.0332948
221.9 246832 -0.0332948
222 246832 -0.0358872
222.1 246832 -0.0378214
222.2 246832 -0.0378214
222.3 246832 -0.0390092
222.4 246832 -0.0390092
222.5 246832 -0.0394389
222.6 246832 -0.0394389
222.7 246832 -0.0391719
222.8 246832 -0.0391719
222.9 246832 -0.0383287
223 246832 -0.0370677
223.1 246832 -0.0370677
223.2 246832 -0.0355621
223.3 246832 -0.0355621
223.4 246832 -0.0339787
223.5 246832 -0.0339787
223.6 246832 -0.0324614
223.7 246832 -0.0311214
223.8 246832 -0.0311214
223.9 246832 -0.0300317
224 246832 -0.0300317
224.1 246832 -0.0292275
224.2 246832 -0.0292275
224.3 246832 -0.0287094
224.4 246832 -0.0284489
224.5 246832 -0.0284489
224.6 246832 -0.0283943
224.7 246832 -0.0283943
224.8 246832 -0.0284796
224.9 246832 -0.0284796
225 246832 -0.0286321
225.1 246832 -0.0287811
225.2 246832 -0.0287811
225.3 246832 -0.0288659
225.4 246832 -0.0288659
225.5 246832 -0.028842
225.6 246832 -0.028842
225.7 246832 -0.0286888
225.8 246832 -0.0284171
225.9 246832 -0.0284171
226 246832 -0.0280776
226.1 246832 -0.0280776
226.2 246832 -0.0277659
226.3 246832 -0.0277659
226.4 246832 -0.027619
226.5 246832 -0.0277995
226.6 246832 -0.0277995
226.7 246832 -0.0284669
226.8 246832 -0.0284669
226.9 246832 -0.0297418
227 246832 -0.0297418
227.1 246832 -0.0316722
227.2 246832 -0.0342099
227.3 246832 -0.0342099
227.4 246832 -0.0372065
227.5 246832 -0.0372065
227.6 246832 -0.0404269
227.7 246832 -0.0404269
227.8 246832 -0.0435783
227.9 246832 -0.0435783
228 246832 -0.0463471
228.1 246832 -0.0484358
228.2 246832 -0.0484358
228.3 246832 -0.0495984
228.4 246832 -0.0495984
228.5 246832 -0.0496679
228.6 246832 -0.0496679
228.7 246832 -0.0485782
228.8 246832 -0.0463758
228.9 246832 -0.0463758
229 246832 -0.0432215
229.1 246832 -0.0432215
229.2 246832 -0.0393766
229.3 246832 -0.0393766
229.4 246832 -0.0351762
229.5 246832 -0.0309901
229.6 246832 -0.0309901
229.7 246832 -0.0271822
229.8 246832 -0.0271822
229.9 246832 -0.0240728
230 246832 -0.0240728
230.1 246832 -0.021913
230.2 246832 -0.0208695
230.3 246832 -0.0208695
230.4 246832 -0.0210194
230.5 246832 -0.0210194
230.6 246832 -0.0223532
230.7 246832 -0.0223532
230.8 246832 -0.0247832
230.9 246832 -0.028157
231 246832 -0.028157
231.1 246832 -0.0322754
231.2 246832 -0.0322754
231.3 246832 -0.0369125
231.4 246832 -0.0369125
231.5 246832 -0.0418364
231.6 246832 -0.046826
231.7 246832 -0.046826
231.8 246832 -0.0516836
231.9 246832 -0.0516836
232 246832 -0.0562413
232.1 246832 -0.0562413
232.2 246832 -0.0603616
232.3 246832 -0.0639345
232.4 246832 -0.0639345
232.5 246832 -0.0668727
232.6 246832 -0.0668727
232.7 246832 -0.0691089
232.8 246832 -0.0691089
232.9 246832 -0.0705967
233 246832 -0.0713133
233.1 246832 -0.0713133
233.2 246832 -0.0712646
233.3 246832 -0.0712646
233.4 246832 -0.0704905
233.5 246832 -0.0704905
233.6 246832 -0.0690671
233.7 246832 -0.0690671
233.8 246832 -0.0671035
233.9 246832 -0.064732
234 246832 -0.064732
234.1 246832 -0.0620941
234.2 246832 -0.0620941
234.3 246832 -0.0593259
234.4 246832 -0.0593259
234.5 246832 -0.0565449
234.6 246832 -0.0538422
234.7 246832 -0.0538422
234.8 246832 -0.0512818
234.9 246832 -0.0512818
235 246832 -0.0489053
235.1 246832 -0.0489053
235.2 246832 -0.0467407
235.3 246832 -0.0448086
235.4 246832 -0.0448086
235.5 246832 -0.043125
235.6 246832 -0.043125
235.7 246832 -0.0416972
235.8 246832 -0.0416972
235.9 246832 -0.0405155
236 246832 -0.0395449
236.1 246832 -0.0395449
236.2 246832 -0.0387212
236.3 246832 -0.0387212
236.4 246832 -0.0379538
236.5 246832 -0.0379538
236.6 246832 -0.0371327
236.7 246832 -0.0361383
236.8 246832 -0.0361383
236.9 246832 -0.0348513
237 246832 -0.0348513
237.1 246832 -0.033164
237.2 246832 -0.033164
237.3 246832 -0.0309907
237.4 246832 -0.0282788
237.5 246832 -0.0282788
237.6 246832 -0.0250191
237.7 246832 -0.0250191
237.8 246832 -0.0212523
237.9 246832 -0.0212523
238 246832 -0.0170698
238.1 246832 -0.0126065
238.2 246832 -0.0126065
238.3 246832 -0.00802548
238.4 246832 -0.00802548
238.5 246832 -0.00349737
238.6 246832 -0.00349737
238.7 246832 0.000823343
238.8 246832 0.00481895
238.9 246832 0.00481895
239 246832 0.00842195
239.1 246832 0.00842195
239.2 246832 0.0116193
239.3 246832 0.0116193
239.4 246832 0.0144474
239.5 246832 0.0144474
239.6 246832 0.01698
239.7 246832 0.0193106
239.8 246832 0.0193106
239.9 246832 0.0215342
240 246832 0.0215342
240.1 246832 0.0237325
240.2 246832 0.0237325
240.3 246832 0.0259634
240.4 246832 0.0282576
240.5 246832 0.0282576
240.6 246832 0.030618
240.7 246832 0.030618
240.8 246832 0.0330218
240.9 246832 0.0330218
241 246832 0.0354221
241.1 246832 0.0377455
241.2 246832 0.0377455
241.3 246832 0.039891
241.4 246832 0.039891
241.5 246832 0.0417332
241.6 246832 0.0417332
241.7 246832 0.0431349
241.8 246832 0.0439686
241.9 246832 0.0439686
242 246832 0.0441391
242.1 246832 0.0441391
242.2 246832 0.0436035
242.3 246832 0.0436035
242.4 246832 0.0423821
242.5 246832 0.040559
242.6 246832 0.040559
242.7 246832 0.0382732
242.8 246832 0.0382732
242.9 246832 0.0356997
243 246832 0.0356997
243.1 246832 0.0330232
243.2 246832 0.030406
243.3 246832 0.030406
243.4 246832 0.0279563
243.5 246832 0.0279563
243.6 246832 0.0257042
243.7 246832 0.0257042
243.8 246832 0.0235931
243.9 246832 0.0214913
244 246832 0.0214913
244.1 246832 0.0192212
244.2 246832 0.0192212
244.3 246832 0.016597
244.4 246832 0.016597
244.5 246832 0.0134644
244.6 246832 0.00973212
244.7 246832 0.00973212
244.8 246832 0.00539189
244.9 246832 0.00539189
245 246832 0.000523714
245.1 246832 0.000523714
245.2 246832 -0.00471371
245.3 246832 -0.00471371
245.4 246832 -0.0101041
245.5 246832 -0.0154029
245.6 246832 -0.0154029
245.7 246832 -0.0203705
245.8 246832 -0.0203705
245.9 246832 -0.0248022
246 246832 -0.0248022
246.1 246832 -0.0285489
246.2 246832 -0.0315262
246.3 246832 -0.0315262
246.4 246832 -0.0337113
246.5 246832 -0.0337113
246.6 246832 -0.0351309
246.7 246832 -0.0351309
246.8 246832 -0.0358432
246.9 246832 -0.0359184
247 246832 -0.0359184
247.1 246832 -0.035421
247.2 246832 -0.035421
247.3 246832 -0.0343995
247.4 246832 -0.0343995
247.5 246832 -0.0328812
247.6 246832 -0.0308762
247.7 246832 -0.0308762
247.8 246832 -0.0283843
247.9 246832 -0.0283843
248 246832 -0.0254056
248.1 246832 -0.0254056
248.2 246832 -0.0219497
248.3 246832 -0.0180429
248.4 246832 -0.0180429
248.5 246832 -0.0137305
248.6 246832 -0.0137305
248.7 246832 -0.00907413
248.8 246832 -0.00907413
248.9 246832 -0.00414511
249 246832 0.000982634
249.1 246832 0.000982634
249.2 246832 0.00623741
249.3 246832 0.00623741
249.4 246832 0.0115495
249.5 246832 0.0115495
249.6 246832 0.0168455
249.7 246832 0.0220383
249.8 246832 0.0220383
249.9 246832 0.0270162
250 246832 0.0270162
250.1 246832 0.03164
250.2 246832 0.03164
250.3 246832 0.0357483
250.4 246832 0.0357483
250.5 246832 0.0391749
250.6 246832 0.041772
250.7 246832 0.041772
250.8 246832 0.0434355
250.9 246832 0.0434355
251 246832 0.0441225
251.1 246832 0.0441225
251.2 246833 0.0438546
251.3 246840 0.0427075
251.4 246840 0.0427075
251.5 246847 0.0408539
251.6 246847 0.0408539
251.7 246854 0.0384624
251.8 246854 0.0384624
251.9 246855 0.0356972
252 246855 0.0327122
252.1 246855 0.0327122
252.2 246855 0.029648
252.3 246855 0.029648
252.4 246855 0.0266216
252.5 246855 0.0266216
252.6 246850 0.0237452
252.7 246844 0.0210662
252.8 246844 0.0210662
252.9 246837 0.0186149
253 246837 0.0186149
253.1 246832 0.0163819
253.2 246832 0.0163819
253.3 246832 0.0143388
253.4 246832 0.0124062
253.5 246832 0.0124062
253.6 246832 0.010488
253.7 246832 0.010488
253.8 246832 0.00848933
253.9 246832 0.00848933
254 246832 0.00633776
254.1 246832 0.00400105
254.2 246832 0.00400105
254.3 246832 0.00149719
254.4 246832 0.00149719
254.5 246832 -0.00110584
254.6 246832 -0.00110584
254.7 246832 -0.00369939
254.8 246832 -0.00614927
254.9 246832 -0.00614927
255 246832 -0.00831227
255.1 246832 -0.00831227
255.2 246832 -0.0100513
255.3 246832 -0.0100513
255.4 246832 -0.0112479
255.5 246832 -0.0118124
255.6 246832 -0.0118124
255.7 246832 -0.0116941
255.8 246832 -0.0116941
255.9 246832 -0.0108889
256 246832 -0.0108889
256.1 246832 -0.00944433
256.2 246832 -0.00944433
256.3 246832 -0.00745874
256.4 246832 -0.00507382
256.5 246832 -0.00507382
256.6 246832 -0.00245958
256.7 246832 -0.00245958
256.8 246832 0.00020823
256.9 246832 0.00020823
257 246832 0.00277575
257.1 246832 0.00513929
257.2 246832 0.00513929
257.3 246832 0.00726782
257.4 246832 0.00726782
257.5 246832 0.00921386
257.6 246832 0.00921386
257.7 246832 0.011109
257.8 246832 0.0131427
257.9 246832 0.0131427
258 246832 0.0155269
258.1 246832 0.0155269
258.2 246832 0.0184501
258.3 246832 0.0184501
258.4 246832 0.0220319
258.5 246832 0.0262883
258.6 246832 0.0262883
258.7 246832 0.0311176
258.8 246832 0.0311176
258.9 246832 0.0363109
259 246832 0.0363109
259.1 246832 0.0415854
259.2 246832 0.0466342
259.3 246832 0.0466342
259.4 246832 0.0511783
259.5 246832 0.0511783
259.6 246832 0.0550118
259.7 246832 0.0550118
259.8 246832 0.058029
259.9 246832 0.0602299
260 246832 0.0602299
260.1 246832 0.0617061
260.2 246832 0.0617061
260.3 246832 0.0626116
260.4 246832 0.0626116
260.5 246832 0.0631237
260.6 246832 0.0634015
260.7 246832 0.0634015
260.8 246832 0.0635486
260.9 246832 0.0635486
261 246832 0.0635866
261.1 246832 0.0635866
261.2 246832 0.0634443
261.3 246832 0.0629667
261.4 246832 0.0629667
261.5 246832 0.0619436
261.6 246832 0.0619436
261.7 246832 0.0601559
261.8 246832 0.0601559
261.9 246832 0.0574302
262 246832 0.0574302
262.1 246832 0.0536901
262.2 246832 0.0489921
262.3 246832 0.0489921
262.4 246832 0.0435371
262.5 246832 0.0435371
262.6 246832 0.0376514
262.7 246832 0.0376514
262.8 246832 0.0317423
262.9 246832 0.0262343
263 246832 0.0262343
263.1 246832 0.0215016
263.2 246832 0.0215016
263.3 246832 0.0178092
263.4 246832 0.0178092
263.5 246832 0.0152785
263.6 246832 0.0138834
263.7 246832 0.0138834
263.8 246832 0.0134772
263.9 246832 0.0134772
264 246832 0.0138407
264.1 246832 0.0138407
264.2 246832 0.0147372
264.3 246832 0.0159593
264.4 246832 0.0159593
264.5 246832 0.017358
264.6 246832 0.017358
264.7 246832 0.0188498
264.8 246832 0.0188498
264.9 246832 0.0204051
265 246832 0.022025
265.1 246832 0.022025
265.2 246832 0.023715
265.3 246832 0.023715
265.4 246832 0.0254622
265.5 246832 0.0254622
265.6 246832 0.0272236
265.7 246832 0.028926
265.8 246832 0.028926
265.9 246832 0.0304786
266 246832 0.0304786
266.1 246832 0.03179
266.2 246832 0.03179
266.3 246832 0.0327855
266.4 246832 0.0334181
266.5 246832 0.0334181
266.6 246832 0.0336725
266.7 246832 0.0336725
266.8 246832 0.0335619
266.9 246832 0.0335619
267 246832 0.0331188
267.1 246832 0.0323844
267.2 246832 0.0323844
267.3 246832 0.0313969
267.4 246832 0.0313969
267.5 246832 0.030182
267.6 246832 0.030182
267.7 246832 0.0287465
267.8 246832 0.0287465
267.9 246832 0.0270766
268 246832 0.0251415
268.1 246832 0.0251415
268.2 246832 0.0229015
268.3 246832 0.0229015
268.4 246832 0.0203177
268.5 246832 0.0203177
268.6 246832 0.0173636
268.7 246832 0.0140349
268.8 246832 0.0140349
268.9 246832 0.0103585
269 246832 0.0103585
269.1 246832 0.00639762
269.2 246832 0.00639762
269.3 246832 0.00224919
269.4 246832 -0.00196461
269.5 246832 -0.00196461
269.6 246832 -0.00611081
269.7 246832 -0.00611081
269.8 246832 -0.0100614
269.9 246832 -0.0100614
270 246832 -0.0137073
270.1 246832 -0.0169696
270.2 246832 -0.0169696
270.3 246832 -0.0198078
270.4 246832 -0.0198078
270.5 246832 -0.0222258
270.6 246832 -0.0222258
270.7 246832 -0.0242761
270.8 246832 -0.0260586
270.9 246832 -0.0260586
271 246832 -0.0277113
271.1 246832 -0.0277113
271.2 246832 -0.0293926
271.3 246832 -0.0293926
271.4 246832 -0.0312536
271.5 246832 -0.0334099
271.6 246832 -0.0334099
271.7 246832 -0.0359162
271.8 246832 -0.0359162
271.9 246832 -0.0387545
272 246832 -0.0387545
272.1 246832 -0.0418385
272.2 246832 -0.0450334
272.3 246832 -0.0450334
272.4 246832 -0.0481842
272.5 246832 -0.0481842
272.6 246832 -0.0511451
272.7 246832 -0.0511451
272.8 246832 -0.0538012
272.9 246832 -0.0538012
273 246832 -0.0560809
273.1 246832 -0.0579576
273.2 246832 -0.0579576
273.3 246832 -0.059443
273.4 246832 -0.059443
273.5 246832 -0.0605762
273.6 246832 -0.0605762
273.7 246832 -0.0614109
273.8 246832 -0.0620027
273.9 246832 -0.0620027
274 246832 -0.0623994
274.1 246832 -0.0623994
274.2 246832 -0.0626364
274.3 246832 -0.0626364
274.4 246832 -0.0627353
274.5 246832 -0.0627065
274.6 246832 -0.0627065
274.7 246832 -0.0625517
274.8 246832 -0.0625517
274.9 246832 -0.0622694
275 246832 -0.0622694
275.1 246832 -0.0618596
275.2 246832 -0.0613296
275.3 246832 -0.0613296
275.4 246832 -0.0606979
275.5 246832 -0.0606979
275.6 246832 -0.0599945
275.7 246832 -0.0599945
275.8 246832 -0.0592569
275.9 246832 -0.0585222
276 246832 -0.0585222
276.1 246832 -0.0578163
276.2 246832 -0.0578163
276.3 246832 -0.0571478
276.4 246832 -0.0571478
276.5 246832 -0.0565054
276.6 246832 -0.0558649
276.7 246832 -0.0558649
276.8 246832 -0.0552
276.9 246832 -0.0552
277 246832 -0.0544959
277.1 246832 -0.0544959
277.2 246832 -0.0537581
277.3 246832 -0.0530151
277.4 246832 -0.0530151
277.5 246832 -0.0523145
277.6 246832 -0.0523145
277.7 246832 -0.0517114
277.8 246832 -0.0517114
277.9 246832 -0.0512542
278 246832 -0.0509701
278.1 246832 -0.0509701
278.2 246832 -0.0508538
278.3 246832 -0.0508538
278.4 246832 -0.0508632
278.5 246832 -0.0508632
278.6 246832 -0.0509234
278.7 246832 -0.0509234
278.8 246832 -0.0509388
278.9 246832 -0.0508112
279 246832 -0.0508112
279.1 246832 -0.0504571
279.2 246832 -0.0504571
279.3 246832 -0.0498198
279.4 246832 -0.0498198
279.5 246832 -0.0488737
279.6 246832 -0.0476208
279.7 246832 -0.0476208
279.8 246832 -0.0460841
279.9 246832 -0.0460841
280 246832 -0.0443033
280.1 246832 -0.0443033
280.2 246832 -0.0423347
280.3 246832 -0.0402544
280.4 246832 -0.0402544
280.5 246832 -0.0381604
280.6 246832 -0.0381604
280.7 246832 -0.036167
280.8 246832 -0.036167
280.9 246832 -0.0343931
281 246832 -0.0329417
281.1 246832 -0.0329417
281.2 246832 -0.0318763
281.3 246832 -0.0318763
281.4 246832 -0.0312014
281.5 246832 -0.0312014
281.6 246832 -0.0308524
281.7 246832 -0.0306979
281.8 246832 -0.0306979
281.9 246832 -0.0305576
282 246832 -0.0305576
282.1 246836 -0.0302291
282.2 246836 -0.0302291
282.3 246843 -0.0295253
282.4 246850 -0.0283068
282.5 246850 -0.0283068
282.6 246855 -0.0265082
282.7 246855 -0.0265082
282.8 246855 -0.0241537
282.9 246855 -0.0241537
283 246855 -0.0213593
283.1 246852 -0.0183135
283.2 246852 -0.0183135
283.3 246845 -0.0152484
283.4 246845 -0.0152484
283.5 246837 -0.0124014
283.6 246837 -0.0124014
283.7 246832 -0.00997721
283.8 246832 -0.00811801
283.9 246832 -0.00811801
284 246832 -0.00688761
284.1 246832 -0.00688761
284.2 246832 -0.00626625
284.3 246832 -0.00626625
284.4 246832 -0.00616062
284.5 246832 -0.00616062
284.6 246832 -0.00642344
284.7 246832 -0.00687941
284.8 246832 -0.00687941
284.9 246832 -0.00735299
285 246832 -0.00735299
285.1 246832 -0.00769392
285.2 246832 -0.00769392
285.3 246832 -0.00779697
285.4 246832 -0.00761315
285.5 246832 -0.00761315
285.6 246832 -0.00715193
285.7 246832 -0.00715193
285.8 246833 -0.0064754
285.9 246833 -0.0064754
286 246834 -0.00568622
286.1 246837 -0.00490982
286.2 246837 -0.00490982
286.3 246841 -0.0042746
286.4 246841 -0.0042746
286.5 246847 -0.00389102
286.6 246847 -0.00389102
286.7 246853 -0.00383331
286.8 246855 -0.00412803
286.9 246855 -0.00412803
287 246855 -0.00475423
287.1 246855 -0.00475423
287.2 246855 -0.00564974
287.3 246855 -0.00564974
287.4 246855 -0.00672118
287.5 246855 -0.00785942
287.6 246855 -0.00785942
287.7 246855 -0.00895712
287.8 246855 -0.00895712
287.9 246855 -0.00992755
288 246855 -0.00992755
288.1 246855 -0.0107227
288.2 246855 -0.0113471
288.3 246855 -0.0113471
288.4 246855 -0.0118621
288.5 246855 -0.0118621
288.6 246855 -0.012377
288.7 246855 -0.012377
288.8 246855 -0.0130256
288.9 246855 -0.0139341
289 246855 -0.0139341
289.1 246855 -0.0151881
289.2 246855 -0.0151881
289.3 246855 -0.0168095
289.4 246855 -0.0168095
289.5 246855 -0.0187521
289.6 246855 -0.0209155
289.7 246855 -0.0209155
289.8 246855 -0.0231744
289.9 246855 -0.0231744
290 246855 -0.0254114
290.1 246855 -0.0254114
290.2 246855 -0.0275436
290.3 246855 -0.0275436
290.4 246855 -0.029538
290.5 246855 -0.0314109
290.6 246855 -0.0314109
290.7 246855 -0.0332149
290.8 246855 -0.0332149
290.9 246855 -0.0350168
291 246855 -0.0350168
291.1 246855 -0.0368739
291.2 246855 -0.0388164
291.3 246855 -0.0388164
291.4 246855 -0.0408386
291.5 246855 -0.0408386
291.6 246855 -0.0429004
291.7 246855 -0.0429004
291.8 246855 -0.0449386
291.9 246855 -0.0468823
292 246855 -0.0468823
292.1 246855 -0.0486672
292.2 246855 -0.0486672
292.3 246855 -0.0502449
292.4 246855 -0.0502449
292.5 246855 -0.0515877
292.6 246855 -0.0526896
292.7 246855 -0.0526896
292.8 246855 -0.0535675
292.9 246855 -0.0535675
293 246855 -0.0542624
293.1 246855 -0.0542624
293.2 246855 -0.0548385
293.3 246855 -0.0553795
293.4 246855 -0.0553795
293.5 246855 -0.0559797
293.6 246855 -0.0559797
293.7 246855 -0.0567308
293.8 246855 -0.0567308
293.9 246855 -0.0577063
294 246855 -0.0589487
294.1 246855 -0.0589487
294.2 246855 -0.0604632
294.3 246855 -0.0604632
294.4 246855 -0.0622173
294.5 246855 -0.0622173
294.6 246855 -0.0641457
294.7 246855 -0.0661585
294.8 246855 -0.0661585
294.9 246855 -0.0681524
295 246855 -0.0681524
295.1 246855 -0.0700245
295.2 246855 -0.0700245
295.3 246855 -0.0716854
295.4 246855 -0.0716854
295.5 246855 -0.0730683
295.6 246855 -0.0741315
295.7 246855 -0.0741315
295.8 246855 -0.0748517
295.9 246855 -0.0748517
296 246855 -0.0752106
296.1 246855 -0.0752106
296.2 246855 -0.0751811
296.3 246855 -0.074719
296.4 246855 -0.074719
296.5 246855 -0.0737642
296.6 246855 -0.0737642
296.7 246855 -0.0722497
296.8 246855 -0.0722497
296.9 246855 -0.0701156
297 246855 -0.0673262
297.1 246855 -0.0673262
297.2 246855 -0.0638856
297.3 246855 -0.0638856
297.4 246855 -0.0598503
297.5 246855 -0.0598503
297.6 246855 -0.0553349
297.7 246855 -0.0505103
297.8 246855 -0.0505103
297.9 246855 -0.0455923
298 246855 -0.0455923
298.1 246855 -0.04082
298.2 246855 -0.04082
298.3 246855 -0.0364251
298.4 246855 -0.0325994
298.5 246855 -0.0325994
298.6 246855 -0.0294674
298.7 246855 -0.0294674
298.8 246855 -0.0270703
298.9 246855 -0.0270703
299 246855 -0.0253651
299.1 246855 -0.024237
299.2 246855 -0.024237
299.3 246855 -0.0235213
299.4 246855 -0.0235213
299.5 246855 -0.0230304
299.6 246855 -0.0230304
299.7 246855 -0.0225811
299.8 246855 -0.022016
299.9 246855 -0.022016
300 246855 -0.0212157
300.1 246855 -0.0212157
300.2 246855 -0.0201003
300.3 246855 -0.0201003
300.4 246855 -0.0186241
300.5 246855 -0.0167673
300.6 246855 -0.0167673
300.7 246855 -0.0145311
300.8 246855 -0.0145311
300.9 246855 -0.0119388
301 246855 -0.0119388
301.1 246855 -0.00903941
301.2 246855 -0.00903941
301.3 246851 -0.00590973
301.4 246845 -0.00265945
301.5 246845 -0.00265945
301.6 246837 0.000583126
301.7 246837 0.000583126
301.8 246832 0.00368578
301.9 246832 0.00368578
302 246832 0.00653016
302.1 246832 0.00901283
302.2 246832 0.00901283
302.3 246832 0.01106
302.4 246832 0.01106
302.5 246832 0.0126225
302.6 246832 0.0126225
302.7 246832 0.01367
302.8 246832 0.0141852
302.9 246832 0.0141852
303 246832 0.0141612
303.1 246832 0.0141612
303.2 246832 0.0135994
303.3 246832 0.0135994
303.4 246832 0.0125089
303.5 246832 0.0109039
303.6 246832 0.0109039
303.7 246832 0.00880236
303.8 246832 0.00880236
303.9 246832 0.00622617
304 246832 0.00622617
304.1 246832 0.00320676
304.2 246832 -0.000205281
304.3 246832 -0.000205281
304.4 246832 -0.00392942
304.5 246832 -0.00392942
304.6 246832 -0.00784758
304.7 246832 -0.00784758
304.8 246832 -0.0118031
304.9 246832 -0.0156078
305 246832 -0.0156078
305.1 246832 -0.0190562
305.2 246832 -0.0190562
305.3 246832 -0.0219433
305.4 246832 -0.0219433
305.5 246832 -0.0240839
305.6 246832 -0.0253309
305.7 246832 -0.0253309
305.8 246832 -0.0255892
305.9 246832 -0.0255892
306 246832 -0.0248246
306.1 246832 -0.0248246
306.2 246832 -0.0230662
306.3 246832 -0.0204014
306.4 246832 -0.0204014
306.5 246832 -0.0169663
306.6 246832 -0.0169663
306.7 246832 -0.0129337
306.8 246832 -0.0129337
306.9 246832 -0.00849795
307 246832 -0.00849795
307.1 246832 -0.0038613
307.2 246832 0.000779235
307.3 246832 0.000779235
307.4 246832 0.00524308
307.5 246832 0.00524308
307.6 246832 0.00937662
307.7 246832 0.00937662
307.8 246832 0.0130631
307.9 246832 0.0162315
308 246832 0.0162315
308.1 246832 0.0188618
308.2 246832 0.0188618
308.3 246832 0.0209862
308.4 246832 0.0209862
308.5 246832 0.0226842
308.6 246832 0.0240723
308.7 246832 0.0240723
308.8 246832 0.0252914
308.9 246832 0.0252914
309 246832 0.026492
309.1 246832 0.026492
309.2 246832 0.0278181
309.3 246832 0.0293914
309.4 246832 0.0293914
309.5 246832 0.0312955
309.6 246832 0.0312955
309.7 246832 0.0335663
309.8 246832 0.0335663
309.9 246832 0.0361902
310 246832 0.0391081
310.1 246832 0.0391081
310.2 246832 0.0422229
310.3 246832 0.0422229
310.4 246832 0.0454061
310.5 246832 0.0454061
310.6 246832 0.0485014
310.7 246832 0.0513254
310.8 246832 0.0513254
310.9 246832 0.0536696
311 246832 0.0536696
311.1 246832 0.0553089
311.2 246832 0.0553089
311.3 246832 0.0560191
311.4 246832 0.0556046
311.5 246832 0.0556046
311.6 246832 0.0539328
311.7 246832 0.0539328
311.8 246832 0.0509662
311.9 246832 0.0509662
312 246832 0.0467844
312.1 246832 0.0415881
312.2 246832 0.0415881
312.3 246832 0.03568
312.4 246832 0.03568
312.5 246832 0.0294294
312.6 246832 0.0294294
312.7 246832 0.0232276
312.8 246832 0.0232276
312.9 246832 0.0174472
313 246832 0.0124083
313.1 246832 0.0124083
313.2 246832 0.00835721
313.3 246832 0.00835721
313.4 246832 0.00545518
313.5 246832 0.00545518
313.6 246832 0.00377683
313.7 246832 0.00331521
313.8 246832 0.00331521
313.9 246832 0.00399164
314 246832 0.00399164
314.1 246832 0.00566802
314.2 246832 0.00566802
314.3 246832 0.00816005
314.4 246832 0.0112491
314.5 246832 0.0112491
314.6 246832 0.0146923
314.7 246832 0.0146923
314.8 246832 0.0182339
314.9 246832 0.0182339
315 246832 0.0216203
315.1 246832 0.0246197
315.2 246832 0.0246197
315.3 246832 0.0270435
315.4 246832 0.0270435
315.5 246832 0.0287635
315.6 246832 0.0287635
315.7 246832 0.0297227
315.8 246832 0.0299348
315.9 246832 0.0299348
316 246832 0.0294748
316.1 246832 0.0294748
316.2 246832 0.0284635
316.3 246832 0.0284635
316.4 246832 0.0270492
316.5 246832 0.0253879
316.6 246832 0.0253879
316.7 246832 0.0236242
316.8 246832 0.0236242
316.9 246832 0.0218748
317 246832 0.0218748
317.1 246832 0.0202165
317.2 246832 0.0186817
317.3 246832 0.0186817
317.4 246832 0.0172643
317.5 246832 0.0172643
317.6 246832 0.0159327
317.7 246832 0.0159327
317.8 246832 0.0146486
317.9 246832 0.0146486
318 246832 0.0133833
318.1 246832 0.0121273
318.2 246832 0.0121273
318.3 246832 0.010893
318.4 246832 0.010893
318.5 246832 0.00970997
318.6 246832 0.00970997
318.7 246832 0.00861899
318.8 246832 0.00766631
318.9 246832 0.00766631
319 246832 0.00690128
319.1 246832 0.00690128
319.2 246832 0.00637803
319.3 246832 0.00637803
319.4 246832 0.00615601
319.5 246832 0.00629536
319.6 246832 0.00629536
319.7 246832 0.00684497
319.8 246832 0.00684497
319.9 246832 0.00782435
320 246832 0.00782435
320.1 246832 0.009205
320.2 246832 0.0108974
320.3 246832 0.0108974
320.4 246832 0.0127497
320.5 246832 0.0127497
320.6 246832 0.0145574
320.7 246832 0.0145574
320.8 246832 0.0160827
320.9 246832 0.0170813
321 246832 0.0170813
321.1 246832 0.0173336
321.2 246832 0.0173336
321.3 246832 0.0166733
321.4 246832 0.0166733
321.5 246832 0.0150131
321.6 246832 0.0123644
321.7 246832 0.0123644
321.8 246832 0.00884717
321.9 246832 0.00884717
322 246832 0.00468619
322.1 246832 0.00468619
322.2 246832 0.000191071
322.3 246832 -0.00428017
322.4 246832 -0.00428017
322.5 246832 -0.0083715
322.6 246832 -0.0083715
322.7 246832 -0.011784
322.8 246832 -0.011784
322.9 246832 -0.0143213
323 246832 -0.015914
323.1 246832 -0.015914
323.2 246832 -0.0166211
323.3 246832 -0.0166211
323.4 246832 -0.0166093
323.5 246832 -0.0166093
323.6 246832 -0.0161177
323.7 246832 -0.0161177
323.8 246832 -0.0154194
323.9 246832 -0.0147848
324 246832 -0.0147848
324.1 246832 -0.0144549
324.2 246832 -0.0144549
324.3 246832 -0.0146206
324.4 246832 -0.0146206
324.5 246832 -0.0154108
324.6 246832 -0.0168855
324.7 246832 -0.0168855
324.8 246832 -0.0190349
324.9 246832 -0.0190349
325 246832 -0.0217834
325.1 246832 -0.0217834
325.2 246832 -0.0249982
325.3 246832 -0.0285047
325.4 246832 -0.0285047
325.5 246832 -0.0321069
325.6 246832 -0.0321069
325.7 246832 -0.0356116
325.8 246832 -0.0356116
325.9 246832 -0.0388522
326 246832 -0.0417105
326.1 246832 -0.0417105
326.2 246832 -0.0441325
326.3 246832 -0.0441325
326.4 246832 -0.0461323
326.5 246832 -0.0461323
326.6 246832 -0.0477825
326.7 246832 -0.049194
326.8 246832 -0.049194
326.9 246832 -0.0504862
327 246832 -0.0504862
327.1 246832 -0.0517573
327.2 246832 -0.0517573
327.3 246832 -0.0530601
327.4 246832 -0.0543884
327.5 246832 -0.0543884
327.6 246832 -0.0556784
327.7 246832 -0.0556784
327.8 246832 -0.0568217
327.9 246832 -0.0568217
328 246832 -0.0576886
328.1 246832 -0.0581545
328.2 246832 -0.0581545
328.3 246832 -0.0581242
328.4 246832 -0.0581242
328.5 246832 -0.0575508
328.6 246832 -0.0575508
328.7 246832 -0.0564468
328.8 246832 -0.0548844
328.9 246832 -0.0548844
329 246832 -0.0529879
329.1 246832 -0.0529879
329.2 246832 -0.050919
329.3 246832 -0.050919
329.4 246832 -0.0488583
329.5 246832 -0.0488583
329.6 246832 -0.0469844
329.7 246832 -0.0454525
329.8 246832 -0.0454525
329.9 246832 -0.044379
330 246832 -0.044379
330.1 246832 -0.0438297
330.2 246832 -0.0438297
330.3 246832 -0.0438104
330.4 246832 -0.0442647
330.5 246832 -0.0442647
330.6 246832 -0.0450775
330.7 246832 -0.0450775
330.8 246832 -0.0460864
330.9 246832 -0.0460864
331 246832 -0.0471002
331.1 246832 -0.0479205
331.2 246832 -0.0479205
331.3 246832 -0.0483636
331.4 246832 -0.0483636
331.5 246832 -0.0482789
331.6 246832 -0.0482789
331.7 246840 -0.0475341
331.8 246853 -0.0460737
331.9 246853 -0.0460737
332 246866 -0.0439114
332.1 246866 -0.0439114
332.2 246880 -0.0410915
332.3 246880 -0.0410915
332.4 246893 -0.0377062
332.5 246906 -0.0338562
332.6 246906 -0.0338562
332.7 246918 -0.0296592
332.8 246918 -0.0296592
332.9 246927 -0.0252456
333 246927 -0.0252456
333.1 246930 -0.0207486
333.2 246930 -0.0162401
333.3 246930 -0.0162401
333.4 246930 -0.0117759
333.5 246930 -0.0117759
333.6 246930 -0.00742143
333.7 246930 -0.00742143
333.8 246930 -0.0032282
333.9 246930 0.000762457
334 246930 0.000762457
334.1 246930 0.00451198
334.2 246930 0.00451198
334.3 246930 0.00797759
334.4 246930 0.00797759
334.5 246930 0.0111086
334.6 246930 0.0138475
334.7 246930 0.0138475
334.8 246930 0.0161351
334.9 246930 0.0161351
335 246930 0.0179205
335.1 246930 0.0179205
335.2 246930 0.0191737
335.3 246930 0.0191737
335.4 246930 0.0198941
335.5 246930 0.0201138
335.6 246930 0.0201138
335.7 246930 0.0198921
335.8 246930 0.0198921
335.9 246930 0.0193075
336 246930 0.0193075
336.1 246930 0.018446
336.2 246930 0.0173868
336.3 246930 0.0173868
336.4 246930 0.0161913
336.5 246930 0.0161913
336.6 246930 0.0149053
336.7 246930 0.0149053
336.8 246930 0.0135684
336.9 246930 0.0122243
337 246930 0.0122243
337.1 246930 0.01093
337.2 246930 0.01093
337.3 246930 0.00976377
337.4 246930 0.00976377
337.5 246930 0.00882099
337.6 246930 0.00820027
337.7 246930 0.00820027
337.8 246930 0.00798376
337.9 246930 0.00798376
338 246930 0.00821775
338.1 246930 0.00821775
338.2 246930 0.00889904
338.3 246930 0.00996758
338.4 246930 0.00996758
338.5 246930 0.011311
338.6 246930 0.011311
338.7 246930 0.0127802
338.8 246930 0.0127802
338.9 246930 0.0142084
339 246930 0.0154332
339.1 246930 0.0154332
339.2 246930 0.0163181
339.3 246930 0.0163181
339.4 246930 0.0167677
339.5 246930 0.0167677
339.6 246930 0.0167328
339.7 246930 0.0162052
339.8 246930 0.0162052
339.9 246930 0.0152117
340 246930 0.0152117
340.1 246930 0.013813
340.2 246930 0.013813
340.3 246930 0.0121079
340.4 246930 0.0121079
340.5 246930 0.0102388
340.6 246933 0.00838021
340.7 246933 0.00838021
340.8 246940 0.00673723
340.9 246940 0.00673723
341 246956 0.0054983
341.1 246956 0.0054983
341.2 246973 0.00488866
341.3 246989 0.00503388
341.4 246989 0.00503388
341.5 247002 0.00597291
341.6 247002 0.00597291
341.7 247012 0.00766903
341.8 247012 0.00766903
341.9 247019 0.0100308
342 247026 0.0129518
342.1 247026 0.0129518
342.2 247047 0.0163713
342.3 247047 0.0163713
342.4 247075 0.0201631
342.5 247075 0.0201631
342.6 247108 0.0241663
342.7 247143 0.0281863
342.8 247143 0.0281863
342.9 247179 0.0320639
343 247179 0.0320639
343.1 247216 0.0356576
343.2 247216 0.0356576
343.3 247255 0.0388487
343.4 247310 0.04156
343.5 247310 0.04156
343.6 247373 0.0437192
343.7 247373 0.0437192
343.8 247443 0.0453199
343.9 247443 0.0453199
344 247519 0.046412
344.1 247599 0.0471054
344.2 247599 0.0471054
344.3 247687 0.0476574
344.4 247687 0.0476574
344.5 247778 0.0482034
344.6 247778 0.0482034
344.7 247878 0.0488614
344.8 247984 0.0497585
344.9 247984 0.0497585
345 248105 0.0509366
345.1 248105 0.0509366
345.2 248235 0.0524087
345.3 248235 0.0524087
345.4 248366 0.0541032
345.5 248499 0.0559058
345.6 248499 0.0559058
345.7 248632 0.0576193
345.8 248632 0.0576193
345.9 248765 0.0590788
346 248765 0.0590788
346.1 248898 0.0601494
346.2 248898 0.0601494
346.3 249031 0.0607445
346.4 249164 0.0608362
346.5 249164 0.0608362
346.6 249297 0.0604541
346.7 249297 0.0604541
346.8 249430 0.0596759
346.9 249430 0.0596759
347 249563 0.0586073
347.1 249696 0.0573587
347.2 249696 0.0573587
347.3 249829 0.0560216
347.4 249829 0.0560216
347.5 249962 0.0546528
347.6 249962 0.0546528
347.7 250095 0.0532661
347.8 250228 0.0518351
347.9 250228 0.0518351
348 250361 0.0503056
348.1 250361 0.0503056
348.2 250494 0.0486136
348.3 250494 0.0486136
348.4 250627 0.0467077
348.5 250760 0.0445702
348.6 250760 0.0445702
348.7 250893 0.042232
348.8 250893 0.042232
348.9 251026 0.039776
349 251026 0.039776
349.1 251159 0.0373309
349.2 251292 0.0350559
349.3 251292 0.0350559
349.4 251423 0.0331356
349.5 251423 0.0331356
349.6 251543 0.0317962
349.7 251543 0.0317962
349.8 251659 0.0311669
349.9 251776 0.0313433
350 251776 0.0313433
350.1 251892 0.0324325
350.2 251892 0.0324325
350.3 252010 0.0344462
350.4 252010 0.0344462
350.5 252131 0.0373655
350.6 252258 0.0411068
350.7 252258 0.0411068
350.8 252391 0.0455275
350.9 252391 0.0455275
351 252524 0.050534
351.1 252524 0.050534
351.2 252657 0.0559213
351.3 252790 0.061452
351.4 252790 0.061452
351.5 252923 0.0668781
351.6 252923 0.0668781
351.7 253056 0.0719684
351.8 253056 0.0719684
351.9 253189 0.0765394
352 253189 0.0765394
352.1 253322 0.0804798
352.2 253455 0.0837619
352.3 253455 0.0837619
352.4 253588 0.086436
352.5 253588 0.086436
352.6 253721 0.0886111
352.7 253721 0.0886111
352.8 253854 0.0904249
352.9 253987 0.0920132
353 253987 0.0920132
353.1 254120 0.0934831
353.2 254120 0.0934831
353.3 254253 0.0948972
353.4 254253 0.0948972
353.5 254386 0.0962711
353.6 254519 0.0975871
353.7 254519 0.0975871
353.8 254652 0.0988144
353.9 254652 0.0988144
354 254785 0.0999303
354.1 254785 0.0999303
354.2 254918 0.100935
354.3 255051 0.101861
354.4 255051 0.101861
354.5 255184 0.102767
354.6 255184 0.102767
354.7 255317 0.103731
354.8 255317 0.103731
354.9 255450 0.104837
355 255583 0.106161
355.1 255583 0.106161
355.2 255716 0.10776
355.3 255716 0.10776
355.4 255849 0.109669
355.5 255849 0.109669
355.6 255982 0.111899
355.7 256115 0.114447
355.8 256115 0.114447
355.9 256245 0.117327
356 256245 0.117327
356.1 256370 0.12054
356.2 256370 0.12054
356.3 256495 0.124076
356.4 256620 0.127979
356.5 256620 0.127979
356.6 256744 0.132303
356.7 256744 0.132303
356.8 256869 0.137117
356.9 256869 0.137117
357 256995 0.142475
357.1 257121 0.148409
357.2 257121 0.148409
357.3 257246 0.15491
357.4 257246 0.15491
357.5 257371 0.161932
357.6 257371 0.161932
357.7 257496 0.169413
357.8 257496 0.169413
357.9 257622 0.177265
358 257752 0.185394
358.1 257752 0.185394
358.2 257885 0.193712
358.3 257885 0.193712
358.4 258018 0.202134
358.5 258018 0.202134
358.6 258151 0.210558
358.7 258287 0.218875
358.8 258287 0.218875
358.9 258431 0.226905
359 258431 0.226905
359.1 258593 0.234412
359.2 258593 0.234412
359.3 258769 0.241054
359.4 258963 0.246492
359.5 258963 0.246492
359.6 259169 0.250368
359.7 259169 0.250368
359.8 259384 0.252363
359.9 259384 0.252363
